1671640956097 0.11290322580645161 0
1671640957205 0.11290322580645161 0
1671640958318 0.11290322580645161 0
1671640959464 0.11290322580645161 0
1671640960618 0.11290322580645161 0
1671640961968 0.11290322580645161 0
1671640963333 0.11290322580645161 0
1671640964510 0.11290322580645161 0
1671640965658 0.11290322580645161 0
1671640966887 0.11290322580645161 0
1671640967995 0.11290322580645161 0
1671640969117 0.11290322580645161 0
1671640970198 0.11290322580645161 0
1671640971354 0.11290322580645161 0
1671640972486 0.11290322580645161 0
1671640973905 0.11290322580645161 0
1671640975080 0.11290322580645161 0
1671640976196 0.11290322580645161 0
1671640977329 0.11290322580645161 0
1671640978400 0.11290322580645161 0
1671640979476 0.11290322580645161 0
1671640980548 0.11290322580645161 0
1671640981625 0.11290322580645161 0
1671640982701 0.11290322580645161 0
1671640983766 0.11290322580645161 0
1671640984856 0.12096774193548387 0
1671640985964 0.11290322580645161 0
1671640987055 0.10483870967741936 0
1671640988141 0.0967741935483871 0
1671640989220 0.0967741935483871 0
1671640990319 0.12096774193548387 0
1671640991405 0.11290322580645161 0
1671640992486 0.12903225806451613 0
1671640993599 0.14516129032258066 0
1671640994678 0.13709677419354838 0
1671640995757 0.14516129032258066 0
1671640996837 0.13709677419354838 0
1671640997937 0.13709677419354838 0
1671640999037 0.13709677419354838 0
1671641000154 0.13709677419354838 0
1671641001235 0.13709677419354838 0
1671641002346 0.13709677419354838 0
1671641003438 0.13709677419354838 0
1671641004528 0.13709677419354838 0
1671641005627 0.13709677419354838 0
1671641006706 0.13709677419354838 0
1671641007794 0.13709677419354838 0
1671641008872 0.13709677419354838 0
1671641009954 0.13709677419354838 0
1671641011070 0.13709677419354838 0
1671641012166 0.13709677419354838 0
1671641013261 0.13709677419354838 0
1671641014345 0.13709677419354838 0
1671641015439 0.13709677419354838 0
1671641016550 0.13709677419354838 0
1671641017677 0.13709677419354838 0
1671641018804 0.13709677419354838 0
1671641019943 0.13709677419354838 0
1671641021047 0.13709677419354838 0
1671641022167 0.13709677419354838 0
1671641023290 0.13709677419354838 0
1671641024397 0.13709677419354838 0
1671641025491 0.13709677419354838 0
1671641026573 0.13709677419354838 0
1671641027686 0.13709677419354838 0
1671641028782 0.13709677419354838 0
1671641029876 0.13709677419354838 0
1671641030970 0.13709677419354838 0
1671641032058 0.13709677419354838 0
1671641033136 0.13709677419354838 0
1671641034222 0.13709677419354838 0
1671641035291 0.13709677419354838 0
1671641036363 0.13709677419354838 0
1671641037446 0.13709677419354838 0
1671641038521 0.13709677419354838 0
1671641039589 0.13709677419354838 0
1671641040677 0.13709677419354838 0
1671641041760 0.13709677419354838 0
1671641042848 0.13709677419354838 0
1671641043958 0.13709677419354838 0
1671641045018 0.13709677419354838 0
1671641046067 0.13709677419354838 0
1671641047120 0.13709677419354838 0
1671641048176 0.13709677419354838 0
1671641049254 0.13709677419354838 0
1671641050345 0.13709677419354838 0
1671641051421 0.13709677419354838 0
1671641052483 0.13709677419354838 0
1671641053537 0.13709677419354838 0
1671641054656 0.13709677419354838 0
1671641055736 0.13709677419354838 0
1671641056807 0.13709677419354838 0
1671641057872 0.13709677419354838 0
1671641058930 0.13709677419354838 0
1671641059978 0.13709677419354838 0
1671641061033 0.13709677419354838 0
1671641062086 0.13709677419354838 0
1671641063152 0.13709677419354838 0
1671641064284 0.13709677419354838 0
1671641065348 0.13709677419354838 0
1671641066442 0.13709677419354838 0
1671641067527 0.13709677419354838 0
1671641068643 0.13709677419354838 0
1671641069736 0.13709677419354838 0
1671641070821 0.13709677419354838 0
1671641071912 0.13709677419354838 0
1671641073017 0.13709677419354838 0
1671641074114 0.13709677419354838 0
1671641075222 0.13709677419354838 0
1671641076317 0.13709677419354838 0
1671641077398 0.13709677419354838 0
1671641078492 0.13709677419354838 0
1671641079576 0.13709677419354838 0
1671641080669 0.13709677419354838 0
1671641081819 0.13709677419354838 0
1671641082887 0.13709677419354838 0
1671641083971 0.13709677419354838 0
1671641085061 0.13709677419354838 0
1671641086177 0.14516129032258066 0
1671641087264 0.14516129032258066 0
1671641088350 0.14516129032258066 0
1671641089437 0.14516129032258066 0
1671641090541 0.13709677419354838 0
1671641091624 0.14516129032258066 0
1671641092707 0.14516129032258066 0
1671641093785 0.14516129032258066 0
1671641094870 0.13709677419354838 0
1671641095942 0.13709677419354838 0
1671641097027 0.14516129032258066 0
1671641098104 0.14516129032258066 0
1671641099202 0.14516129032258066 0
1671641100272 0.14516129032258066 0
1671641101361 0.14516129032258066 0
1671641102438 0.14516129032258066 0
1671641103519 0.14516129032258066 0
1671641104610 0.14516129032258066 0
1671641105701 0.14516129032258066 0
1671641106804 0.14516129032258066 0
1671641107998 0.14516129032258066 0
1671641109077 0.14516129032258066 0
1671641110157 0.14516129032258066 0
1671641111243 0.14516129032258066 0
1671641112319 0.13709677419354838 0
1671641113408 0.14516129032258066 0
1671641114493 0.13709677419354838 0
1671641115569 0.14516129032258066 0
1671641116650 0.12903225806451613 0
1671641117727 0.16129032258064516 0
1671641118797 0.16129032258064516 0
1671641119886 0.1532258064516129 0
1671641120986 0.1774193548387097 0
1671641122077 0.1774193548387097 0
1671641123158 0.20161290322580644 0
1671641124248 0.20161290322580644 0
1671641125334 0.20161290322580644 0
1671641126431 0.1935483870967742 0
1671641127544 0.1935483870967742 0
1671641128649 0.1935483870967742 0
1671641129761 0.1935483870967742 0
1671641130895 0.1935483870967742 0
1671641132006 0.1935483870967742 0
1671641133088 0.1935483870967742 0
1671641134139 0.1935483870967742 0
1671641135200 0.1935483870967742 0
1671641136276 0.20161290322580644 0
1671641137343 0.20161290322580644 0
1671641138447 0.20161290322580644 0
1671641139511 0.20161290322580644 0
1671641140582 0.20161290322580644 0
1671641141640 0.20161290322580644 0
1671641142701 0.20161290322580644 0
1671641143755 0.20161290322580644 0
1671641144814 0.20161290322580644 0
1671641145878 0.1935483870967742 0
1671641146943 0.1935483870967742 0
1671641148006 0.1935483870967742 0
1671641149067 0.1935483870967742 0
1671641150170 0.1935483870967742 0
1671641151239 0.1935483870967742 0
1671641152379 0.1935483870967742 0
1671641153463 0.1935483870967742 0
1671641154537 0.20161290322580644 0
1671641155602 0.20161290322580644 0
1671641156695 0.1935483870967742 0
1671641157771 0.18548387096774194 0
1671641158844 0.18548387096774194 0
1671641159923 0.18548387096774194 0
1671641161000 0.18548387096774194 0
1671641162065 0.18548387096774194 0
1671641163128 0.18548387096774194 0
1671641164198 0.18548387096774194 0
1671641165262 0.18548387096774194 0
1671641166340 0.18548387096774194 0
1671641167426 0.18548387096774194 0
1671641168505 0.18548387096774194 0
1671641169587 0.18548387096774194 0
1671641170659 0.18548387096774194 0
1671641171742 0.18548387096774194 0
1671641172860 0.18548387096774194 0
1671641173943 0.18548387096774194 0
1671641175010 0.18548387096774194 0
1671641176079 0.18548387096774194 0
1671641177190 0.18548387096774194 0
1671641178246 0.1935483870967742 0
1671641179324 0.20161290322580644 0
1671641180400 0.1935483870967742 0
1671641181480 0.20967741935483872 0
1671641182571 0.21774193548387097 0
1671641183656 0.22580645161290322 0
1671641184744 0.24193548387096775 0
1671641185861 0.24193548387096775 0
1671641186945 0.25806451612903225 0
1671641188023 0.23387096774193547 0
1671641189116 0.1935483870967742 0
1671641190197 0.18548387096774194 0
1671641191508 0.18548387096774194 0
1671641192554 0.18548387096774194 0
1671641193620 0.18548387096774194 0
1671641194683 0.18548387096774194 0
1671641195757 0.18548387096774194 0
1671641196821 0.18548387096774194 0
1671641197927 0.18548387096774194 0
1671641199042 0.18548387096774194 0
1671641200099 0.18548387096774194 0
1671641201237 0.18548387096774194 0
1671641202332 0.18548387096774194 0
1671641203435 0.18548387096774194 0
1671641204517 0.18548387096774194 0
1671641205621 0.18548387096774194 0
1671641206691 0.18548387096774194 0
1671641207770 0.18548387096774194 0
1671641208863 0.18548387096774194 0
1671641209945 0.18548387096774194 0
1671641211045 0.18548387096774194 0
1671641212149 0.18548387096774194 0
1671641213270 0.18548387096774194 0
1671641214414 0.18548387096774194 0
1671641215556 0.18548387096774194 0
1671641216685 0.18548387096774194 0
1671641217794 0.1935483870967742 0
1671641218891 0.1935483870967742 0
1671641219970 0.20161290322580644 0
1671641221063 0.20161290322580644 0
1671641222147 0.1935483870967742 0
1671641223216 0.1935483870967742 0
1671641224302 0.1935483870967742 0
1671641225383 0.18548387096774194 0
1671641226460 0.18548387096774194 0
1671641227545 0.20161290322580644 0
1671641228622 0.20161290322580644 0
1671641229701 0.20161290322580644 0
1671641230788 0.20161290322580644 0
1671641231882 0.20161290322580644 0
1671641232968 0.20967741935483872 0
1671641234057 0.20161290322580644 0
1671641235149 0.20161290322580644 0
1671641236235 0.20967741935483872 0
1671641237318 0.20967741935483872 0
1671641238433 0.20967741935483872 0
1671641239531 0.20967741935483872 0
1671641240653 0.21774193548387097 0
1671641241741 0.20967741935483872 0
1671641242821 0.20161290322580644 0
1671641243914 0.20161290322580644 0
1671641245005 0.1935483870967742 0
1671641246094 0.20967741935483872 0
1671641247194 0.20967741935483872 0
1671641248281 0.1935483870967742 0
1671641249450 0.18548387096774194 0
1671641250534 0.1693548387096774 0
1671641251606 0.1693548387096774 0
1671641252732 0.1532258064516129 0
1671641253830 0.1532258064516129 0
1671641254950 0.1532258064516129 0
1671641256035 0.1532258064516129 0
1671641257116 0.1532258064516129 0
1671641258191 0.1532258064516129 0
1671641259258 0.14516129032258066 0
1671641260332 0.14516129032258066 0
1671641261393 0.1532258064516129 0
1671641262485 0.1532258064516129 0
1671641263552 0.1532258064516129 0
1671641264621 0.1693548387096774 0
1671641265710 0.16129032258064516 0
1671641266814 0.1532258064516129 0
1671641267890 0.12903225806451613 0
1671641268961 0.13709677419354838 0
1671641270062 0.14516129032258066 0
1671641271124 0.13709677419354838 0
1671641272190 0.13709677419354838 0
1671641273268 0.13709677419354838 0
1671641274334 0.12903225806451613 0
1671641275419 0.12096774193548387 0
1671641276539 0.12903225806451613 0
1671641277651 0.12903225806451613 0
1671641278723 0.13709677419354838 0
1671641279800 0.12903225806451613 0
1671641280872 0.12903225806451613 0
1671641281931 0.12903225806451613 0
1671641283002 0.12096774193548387 0
1671641284109 0.12096774193548387 0
1671641285192 0.12096774193548387 0
1671641286286 0.12096774193548387 0
1671641287395 0.12903225806451613 0
1671641288473 0.13709677419354838 0
1671641289575 0.13709677419354838 0
1671641290681 0.13709677419354838 0
1671641291780 0.13709677419354838 0
1671641292880 0.13709677419354838 0
1671641293963 0.14516129032258066 0
1671641295073 0.14516129032258066 0
1671641296171 0.14516129032258066 0
1671641297265 0.13709677419354838 0
1671641298363 0.12903225806451613 0
1671641299465 0.11290322580645161 0
1671641300561 0.11290322580645161 0
1671641301654 0.11290322580645161 0
1671641302741 0.11290322580645161 0
1671641303826 0.11290322580645161 0
1671641304911 0.12096774193548387 0
1671641306026 0.12903225806451613 0
1671641307118 0.12903225806451613 0
1671641308190 0.12903225806451613 0
1671641309275 0.12903225806451613 0
1671641310358 0.12903225806451613 0
1671641311445 0.12903225806451613 0
1671641312528 0.12903225806451613 0
1671641313603 0.12903225806451613 0
1671641314712 0.12903225806451613 0
1671641315799 0.12903225806451613 0
1671641316901 0.12903225806451613 0
1671641318013 0.12096774193548387 0
1671641319107 0.12096774193548387 0
1671641320184 0.12096774193548387 0
1671641321262 0.12096774193548387 0
1671641322376 0.11290322580645161 0
1671641323455 0.11290322580645161 0
1671641324537 0.11290322580645161 0
1671641325626 0.11290322580645161 0
1671641326713 0.12096774193548387 0
1671641327805 0.12903225806451613 0
1671641328892 0.12903225806451613 0
1671641329971 0.12903225806451613 0
1671641331051 0.12903225806451613 0
1671641332151 0.12903225806451613 0
1671641333208 0.12903225806451613 0
1671641334273 0.12903225806451613 0
1671641335351 0.12096774193548387 0
1671641336425 0.12903225806451613 0
1671641337542 0.12903225806451613 0
1671641338625 0.12096774193548387 0
1671641339692 0.12903225806451613 0
1671641340764 0.14516129032258066 0
1671641341831 0.1532258064516129 0
1671641342910 0.14516129032258066 0
1671641343988 0.16129032258064516 0
1671641345053 0.14516129032258066 0
1671641346141 0.14516129032258066 0
1671641347230 0.12903225806451613 0
1671641348299 0.1532258064516129 0
1671641349382 0.1532258064516129 0
1671641350487 0.1693548387096774 0
1671641351575 0.1693548387096774 0
1671641352701 0.1693548387096774 0
1671641353812 0.1693548387096774 0
1671641354908 0.1774193548387097 0
1671641356012 0.1693548387096774 0
1671641357100 0.1693548387096774 0
1671641358195 0.1693548387096774 0
1671641359281 0.16129032258064516 0
1671641360359 0.1532258064516129 0
1671641361439 0.16129032258064516 0
1671641362542 0.16129032258064516 0
1671641363619 0.1532258064516129 0
1671641364699 0.14516129032258066 0
1671641365819 0.1532258064516129 0
1671641366896 0.16129032258064516 0
1671641367981 0.1693548387096774 0
1671641369060 0.16129032258064516 0
1671641370193 0.1532258064516129 0
1671641371277 0.16129032258064516 0
1671641372366 0.16129032258064516 0
1671641373474 0.1532258064516129 0
1671641374555 0.1532258064516129 0
1671641375630 0.13709677419354838 0
1671641376715 0.14516129032258066 0
1671641377805 0.13709677419354838 0
1671641378894 0.12903225806451613 0
1671641379996 0.13709677419354838 0
1671641381080 0.1532258064516129 0
1671641382195 0.16129032258064516 0
1671641383294 0.16129032258064516 0
1671641384366 0.16129032258064516 0
1671641385469 0.16129032258064516 0
1671641386542 0.1693548387096774 0
1671641387626 0.16129032258064516 0
1671641388694 0.14516129032258066 0
1671641389783 0.1532258064516129 0
1671641390867 0.1532258064516129 0
1671641391940 0.14516129032258066 0
1671641393070 0.14516129032258066 0
1671641394136 0.1532258064516129 0
1671641395226 0.1532258064516129 0
1671641396293 0.1532258064516129 0
1671641397383 0.14516129032258066 0
1671641398455 0.13709677419354838 0
1671641399530 0.14516129032258066 0
1671641400643 0.14516129032258066 0
1671641401731 0.13709677419354838 0
1671641402837 0.13709677419354838 0
1671641403896 0.13709677419354838 0
1671641404980 0.12903225806451613 0
1671641406066 0.12903225806451613 0
1671641407126 0.12903225806451613 0
1671641408202 0.12903225806451613 0
1671641409275 0.13709677419354838 0
1671641410349 0.13709677419354838 0
1671641411470 0.13709677419354838 0
1671641412574 0.13709677419354838 0
1671641413667 0.13709677419354838 0
1671641414764 0.13709677419354838 0
1671641415855 0.13709677419354838 0
1671641416930 0.13709677419354838 0
1671641418039 0.13709677419354838 0
1671641419122 0.13709677419354838 0
1671641420203 0.13709677419354838 0
1671641421297 0.13709677419354838 0
1671641422408 0.13709677419354838 0
1671641423516 0.13709677419354838 0
1671641424621 0.12903225806451613 0
1671641425749 0.13709677419354838 0
1671641426830 0.13709677419354838 0
1671641427937 0.14516129032258066 0
1671641429022 0.13709677419354838 0
1671641430129 0.13709677419354838 0
1671641431233 0.1532258064516129 0
1671641432333 0.1532258064516129 0
1671641433417 0.14516129032258066 0
1671641434502 0.13709677419354838 0
1671641435582 0.1532258064516129 0
1671641436661 0.16129032258064516 0
1671641437758 0.1774193548387097 0
1671641438853 0.1693548387096774 0
1671641439955 0.1774193548387097 0
1671641441175 0.18548387096774194 0
1671641442263 0.1935483870967742 0
1671641443363 0.18548387096774194 0
1671641444471 0.1774193548387097 0
1671641445564 0.18548387096774194 0
1671641446648 0.1774193548387097 0
1671641447744 0.1774193548387097 0
1671641448838 0.18548387096774194 0
1671641449924 0.1774193548387097 0
1671641450993 0.1774193548387097 0
1671641452082 0.1693548387096774 0
1671641453164 0.16129032258064516 0
1671641454251 0.1532258064516129 0
1671641455332 0.14516129032258066 0
1671641456431 0.1532258064516129 0
1671641457518 0.14516129032258066 0
1671641458598 0.16129032258064516 0
1671641459714 0.16129032258064516 0
1671641460813 0.16129032258064516 0
1671641461906 0.14516129032258066 0
1671641462994 0.12903225806451613 0
1671641464060 0.14516129032258066 0
1671641465154 0.1693548387096774 0
1671641466260 0.16129032258064516 0
1671641467346 0.1693548387096774 0
1671641468494 0.1532258064516129 0
1671641469605 0.1532258064516129 0
1671641470691 0.14516129032258066 0
1671641471785 0.14516129032258066 0
1671641472862 0.14516129032258066 0
1671641473967 0.1532258064516129 0
1671641475062 0.14516129032258066 0
1671641476178 0.13709677419354838 0
1671641477285 0.13709677419354838 0
1671641478384 0.13709677419354838 0
1671641479485 0.1532258064516129 0
1671641480549 0.1532258064516129 0
1671641481645 0.1532258064516129 0
1671641482747 0.1532258064516129 0
1671641483849 0.14516129032258066 0
1671641484961 0.14516129032258066 0
1671641486051 0.14516129032258066 0
1671641487145 0.14516129032258066 0
1671641488239 0.1532258064516129 0
1671641489371 0.14516129032258066 0
1671641490451 0.14516129032258066 0
1671641491540 0.1532258064516129 0
1671641492692 0.1532258064516129 0
1671641493778 0.14516129032258066 0
1671641494861 0.1532258064516129 0
1671641495935 0.16129032258064516 0
1671641497013 0.1693548387096774 0
