1671627583879 0.11458333333333333 0
1671627585579 0.13541666666666666 0
1671627587304 0.13541666666666666 0
1671627589078 0.15625 0
1671627590692 0.15625 0
1671627592414 0.15625 0
1671627594230 0.14583333333333334 0
1671627595903 0.13541666666666666 0
1671627597532 0.13541666666666666 0
1671627599246 0.13541666666666666 0
1671627601018 0.15625 0
1671627602917 0.13541666666666666 0
1671627604601 0.13541666666666666 0
1671627606407 0.13541666666666666 0
1671627608131 0.1875 0
1671627609903 0.17708333333333334 0
1671627611521 0.1875 0
1671627613303 0.1875 0
1671627615080 0.16666666666666666 0
1671627616799 0.16666666666666666 0
1671627618502 0.16666666666666666 0
1671627620182 0.16666666666666666 0
1671627621906 0.16666666666666666 0
1671627623661 0.16666666666666666 0
1671627625432 0.16666666666666666 0
1671627627029 0.15625 0
1671627628821 0.16666666666666666 0
1671627630522 0.16666666666666666 0
1671627632217 0.14583333333333334 0
1671627633703 0.13541666666666666 0
1671627635331 0.13541666666666666 0
1671627637018 0.14583333333333334 0
1671627638669 0.14583333333333334 0
1671627640231 0.14583333333333334 0
1671627641906 0.14583333333333334 0
1671627643605 0.14583333333333334 0
1671627645316 0.13541666666666666 0
1671627646841 0.14583333333333334 0
1671627648504 0.14583333333333334 0
1671627650258 0.14583333333333334 0
1671627651967 0.14583333333333334 0
1671627653693 0.15625 0
1671627655452 0.15625 0
1671627657109 0.125 0
1671627658673 0.125 0
1671627660306 0.13541666666666666 0
1671627662099 0.13541666666666666 0
1671627663701 0.13541666666666666 0
1671627665547 0.14583333333333334 0
1671627667170 0.13541666666666666 0
1671627668886 0.16666666666666666 0
1671627670574 0.17708333333333334 0
1671627672217 0.15625 0
1671627673842 0.15625 0
1671627675448 0.15625 0
1671627677001 0.15625 0
1671627678743 0.13541666666666666 0
1671627680420 0.15625 0
1671627682124 0.14583333333333334 0
1671627683852 0.13541666666666666 0
1671627685407 0.125 0
1671627687035 0.11458333333333333 0
1671627688804 0.11458333333333333 0
1671627690437 0.13541666666666666 0
1671627692274 0.11458333333333333 0
1671627693807 0.11458333333333333 0
1671627695475 0.11458333333333333 0
1671627697235 0.11458333333333333 0
1671627699084 0.11458333333333333 0
1671627700741 0.11458333333333333 0
1671627702364 0.09375 0
1671627704137 0.09375 0
1671627705786 0.10416666666666667 0
1671627707498 0.10416666666666667 0
1671627709011 0.10416666666666667 0
1671627710682 0.09375 0
1671627712362 0.125 0
1671627714168 0.08333333333333333 0
1671627716344 0.10416666666666667 0
1671627718541 0.11458333333333333 0
1671627720940 0.11458333333333333 0
1671627722620 0.14583333333333334 0
1671627724298 0.15625 0
1671627725957 0.16666666666666666 0
1671627727497 0.1875 0
1671627729193 0.17708333333333334 0
1671627731071 0.20833333333333334 0
1671627732884 0.20833333333333334 0
1671627734613 0.20833333333333334 0
1671627736307 0.20833333333333334 0
1671627738089 0.20833333333333334 0
1671627739882 0.20833333333333334 0
1671627741734 0.20833333333333334 0
1671627743538 0.22916666666666666 0
1671627745217 0.23958333333333334 0
1671627746824 0.23958333333333334 0
1671627748548 0.25 0
1671627750269 0.23958333333333334 0
1671627752025 0.22916666666666666 0
1671627753737 0.22916666666666666 0
1671627755588 0.22916666666666666 0
1671627757267 0.22916666666666666 0
1671627758939 0.2604166666666667 0
1671627760633 0.25 0
1671627762306 0.25 0
1671627764128 0.25 0
1671627765945 0.23958333333333334 0
1671627767608 0.23958333333333334 0
1671627769150 0.23958333333333334 0
1671627770822 0.22916666666666666 0
1671627772505 0.22916666666666666 0
1671627774276 0.23958333333333334 0
1671627776082 0.23958333333333334 0
1671627778031 0.23958333333333334 0
1671627780160 0.23958333333333334 0
1671627781825 0.23958333333333334 0
1671627783537 0.25 0
1671627785156 0.22916666666666666 0
1671627786928 0.20833333333333334 0
1671627788589 0.19791666666666666 0
1671627790496 0.19791666666666666 0
1671627792164 0.19791666666666666 0
1671627793779 0.17708333333333334 0
1671627795520 0.17708333333333334 0
1671627797365 0.17708333333333334 0
1671627799010 0.17708333333333334 0
1671627800815 0.17708333333333334 0
1671627802455 0.1875 0
1671627804069 0.20833333333333334 0
1671627805887 0.21875 0
1671627807414 0.20833333333333334 0
1671627809084 0.1875 0
1671627810723 0.1875 0
1671627812497 0.16666666666666666 0
1671627814174 0.16666666666666666 0
1671627815884 0.16666666666666666 0
1671627817586 0.15625 0
1671627819428 0.15625 0
1671627821095 0.15625 0
1671627822746 0.17708333333333334 0
1671627824357 0.1875 0
1671627825958 0.17708333333333334 0
1671627827511 0.17708333333333334 0
1671627829191 0.17708333333333334 0
1671627830863 0.1875 0
1671627832643 0.1875 0
1671627834397 0.1875 0
1671627836104 0.17708333333333334 0
1671627837894 0.17708333333333334 0
1671627839586 0.15625 0
1671627841208 0.15625 0
1671627842941 0.15625 0
1671627844526 0.15625 0
1671627846151 0.15625 0
1671627847901 0.16666666666666666 0
1671627849555 0.15625 0
1671627851231 0.16666666666666666 0
1671627852901 0.16666666666666666 0
1671627854436 0.17708333333333334 0
1671627856145 0.17708333333333334 0
1671627857853 0.16666666666666666 0
1671627859351 0.15625 0
1671627861045 0.14583333333333334 0
1671627862759 0.15625 0
1671627864533 0.15625 0
1671627866559 0.15625 0
1671627868619 0.14583333333333334 0
1671627870615 0.14583333333333334 0
1671627872237 0.14583333333333334 0
1671627873911 0.15625 0
1671627875603 0.15625 0
1671627877213 0.15625 0
1671627879140 0.15625 0
1671627881104 0.15625 0
1671627882785 0.15625 0
1671627884501 0.17708333333333334 0
1671627886401 0.1875 0
1671627888265 0.17708333333333334 0
1671627890051 0.17708333333333334 0
1671627891718 0.17708333333333334 0
1671627893332 0.17708333333333334 0
1671627894718 0.17708333333333334 0
1671627896011 0.17708333333333334 0
1671627897328 0.17708333333333334 0
1671627898646 0.17708333333333334 0
1671627899954 0.17708333333333334 0
1671627901188 0.16666666666666666 0
1671627902402 0.16666666666666666 0
1671627903644 0.16666666666666666 0
1671627904869 0.16666666666666666 0
1671627906097 0.16666666666666666 0
1671627907313 0.15625 0
1671627908544 0.15625 0
1671627909786 0.14583333333333334 0
1671627911029 0.15625 0
1671627912265 0.15625 0
1671627913492 0.15625 0
1671627914726 0.1875 0
1671627915952 0.17708333333333334 0
1671627917199 0.17708333333333334 0
1671627918441 0.19791666666666666 0
1671627919678 0.19791666666666666 0
1671627920925 0.1875 0
1671627922249 0.14583333333333334 0
1671627923568 0.15625 0
1671627924840 0.15625 0
1671627926065 0.15625 0
1671627927277 0.16666666666666666 0
1671627928507 0.17708333333333334 0
1671627929763 0.1875 0
1671627931062 0.19791666666666666 0
1671627932290 0.19791666666666666 0
1671627933548 0.21875 0
1671627934780 0.21875 0
1671627936070 0.22916666666666666 0
1671627937356 0.22916666666666666 0
1671627938729 0.23958333333333334 0
1671627940030 0.2604166666666667 0
1671627941345 0.2708333333333333 0
1671627942643 0.25 0
1671627943946 0.2604166666666667 0
1671627945260 0.23958333333333334 0
1671627946597 0.21875 0
1671627947931 0.20833333333333334 0
1671627949234 0.20833333333333334 0
1671627950543 0.21875 0
1671627951861 0.19791666666666666 0
1671627953174 0.19791666666666666 0
1671627954397 0.20833333333333334 0
1671627955713 0.20833333333333334 0
1671627956946 0.22916666666666666 0
1671627958179 0.20833333333333334 0
1671627959392 0.20833333333333334 0
1671627960626 0.21875 0
1671627961911 0.21875 0
1671627963123 0.19791666666666666 0
1671627964342 0.21875 0
1671627965580 0.21875 0
1671627966809 0.21875 0
1671627968080 0.21875 0
1671627969402 0.21875 0
1671627970741 0.21875 0
1671627972055 0.21875 0
1671627973393 0.21875 0
1671627974666 0.21875 0
1671627975995 0.21875 0
1671627977244 0.20833333333333334 0
1671627978477 0.20833333333333334 0
1671627979745 0.20833333333333334 0
1671627981017 0.20833333333333334 0
1671627982234 0.20833333333333334 0
1671627983453 0.21875 0
1671627984678 0.20833333333333334 0
1671627985906 0.20833333333333334 0
1671627987133 0.20833333333333334 0
1671627988352 0.20833333333333334 0
1671627989573 0.21875 0
1671627990792 0.21875 0
1671627992039 0.21875 0
1671627993275 0.21875 0
1671627994497 0.21875 0
1671627995727 0.21875 0
1671627997033 0.21875 0
1671627998255 0.21875 0
1671627999477 0.21875 0
1671628000700 0.22916666666666666 0
1671628001922 0.22916666666666666 0
1671628003148 0.23958333333333334 0
1671628004367 0.23958333333333334 0
1671628005613 0.23958333333333334 0
1671628006839 0.25 0
1671628008066 0.23958333333333334 0
1671628009290 0.25 0
1671628010519 0.2604166666666667 0
1671628011735 0.2604166666666667 0
1671628012964 0.3125 0
1671628014294 0.3229166666666667 0
1671628015544 0.3125 0
1671628016776 0.3020833333333333 0
1671628018006 0.2916666666666667 0
1671628019259 0.2916666666666667 0
1671628020505 0.28125 0
1671628021737 0.2708333333333333 0
1671628022989 0.2708333333333333 0
1671628024232 0.25 0
1671628025492 0.25 0
1671628026742 0.25 0
1671628028043 0.23958333333333334 0
1671628029300 0.23958333333333334 0
1671628030532 0.22916666666666666 0
1671628031765 0.22916666666666666 0
1671628033024 0.22916666666666666 0
1671628034284 0.20833333333333334 0
1671628035508 0.19791666666666666 0
1671628036740 0.19791666666666666 0
1671628038017 0.17708333333333334 0
1671628039275 0.19791666666666666 0
1671628040537 0.21875 0
1671628041792 0.20833333333333334 0
1671628043090 0.21875 0
1671628044353 0.21875 0
1671628045635 0.19791666666666666 0
1671628046925 0.22916666666666666 0
1671628048264 0.20833333333333334 0
1671628049543 0.21875 0
1671628050802 0.1875 0
1671628052028 0.17708333333333334 0
1671628053261 0.17708333333333334 0
1671628054479 0.1875 0
1671628055694 0.1875 0
1671628056938 0.1875 0
1671628058192 0.1875 0
1671628059417 0.1875 0
