1671638358730 0.14583333333333334 0
1671638359823 0.14583333333333334 0
1671638360910 0.14583333333333334 0
1671638362007 0.14583333333333334 0
1671638363084 0.14583333333333334 0
1671638364174 0.14583333333333334 0
1671638365285 0.14583333333333334 0
1671638366366 0.14583333333333334 0
1671638367455 0.14583333333333334 0
1671638368607 0.14583333333333334 0
1671638369746 0.14583333333333334 0
1671638370875 0.14583333333333334 0
1671638371946 0.15625 0
1671638373045 0.15625 0
1671638374140 0.15625 0
1671638375220 0.15625 0
1671638376306 0.15625 0
1671638377436 0.15625 0
1671638378556 0.15625 0
1671638379687 0.14583333333333334 0
1671638380824 0.14583333333333334 0
1671638381921 0.14583333333333334 0
1671638383008 0.14583333333333334 0
1671638384103 0.14583333333333334 0
1671638385212 0.14583333333333334 0
1671638386301 0.14583333333333334 0
1671638387404 0.14583333333333334 0
1671638388526 0.14583333333333334 0
1671638389608 0.14583333333333334 0
1671638390682 0.14583333333333334 0
1671638391764 0.13541666666666666 0
1671638392858 0.13541666666666666 0
1671638393943 0.13541666666666666 0
1671638395087 0.13541666666666666 0
1671638396168 0.13541666666666666 0
1671638397253 0.13541666666666666 0
1671638398362 0.13541666666666666 0
1671638399448 0.13541666666666666 0
1671638400528 0.13541666666666666 0
1671638401620 0.13541666666666666 0
1671638402712 0.13541666666666666 0
1671638403830 0.14583333333333334 0
1671638404903 0.13541666666666666 0
1671638405991 0.125 0
1671638407081 0.125 0
1671638408183 0.13541666666666666 0
1671638409272 0.13541666666666666 0
1671638410388 0.125 0
1671638411479 0.125 0
1671638412572 0.13541666666666666 0
1671638413703 0.15625 0
1671638414830 0.15625 0
1671638415978 0.14583333333333334 0
1671638417119 0.16666666666666666 0
1671638418274 0.16666666666666666 0
1671638419399 0.17708333333333334 0
1671638420532 0.15625 0
1671638421622 0.15625 0
1671638422724 0.17708333333333334 0
1671638423817 0.17708333333333334 0
1671638424899 0.19791666666666666 0
1671638425983 0.19791666666666666 0
1671638427086 0.19791666666666666 0
1671638428160 0.19791666666666666 0
1671638429232 0.20833333333333334 0
1671638430310 0.20833333333333334 0
1671638431434 0.20833333333333334 0
1671638432566 0.19791666666666666 0
1671638433696 0.19791666666666666 0
1671638434824 0.21875 0
1671638435912 0.21875 0
1671638436999 0.22916666666666666 0
1671638438102 0.23958333333333334 0
1671638439197 0.21875 0
1671638440286 0.21875 0
1671638441374 0.20833333333333334 0
1671638442457 0.19791666666666666 0
1671638443542 0.19791666666666666 0
1671638444607 0.19791666666666666 0
1671638445732 0.19791666666666666 0
1671638446820 0.19791666666666666 0
1671638447912 0.20833333333333334 0
1671638448997 0.20833333333333334 0
1671638450109 0.20833333333333334 0
1671638451214 0.22916666666666666 0
1671638452325 0.23958333333333334 0
1671638453403 0.25 0
1671638454471 0.2604166666666667 0
1671638455565 0.2708333333333333 0
1671638456662 0.28125 0
1671638457748 0.2708333333333333 0
1671638458834 0.2708333333333333 0
1671638459954 0.25 0
1671638461018 0.2604166666666667 0
1671638462134 0.2604166666666667 0
1671638463217 0.2708333333333333 0
1671638464314 0.2604166666666667 0
1671638465415 0.2604166666666667 0
1671638466516 0.2708333333333333 0
1671638467619 0.28125 0
1671638468710 0.28125 0
1671638469812 0.2708333333333333 0
1671638470920 0.2708333333333333 0
1671638472030 0.2708333333333333 0
1671638473134 0.25 0
1671638474230 0.2708333333333333 0
1671638475326 0.2604166666666667 0
1671638476469 0.2604166666666667 0
1671638477571 0.2604166666666667 0
1671638478676 0.2708333333333333 0
1671638479765 0.28125 0
1671638480856 0.28125 0
1671638481958 0.2708333333333333 0
1671638483068 0.2708333333333333 0
1671638484684 0.2708333333333333 0
1671638485795 0.2708333333333333 0
1671638486883 0.25 0
1671638487946 0.23958333333333334 0
1671638489053 0.23958333333333334 0
1671638490162 0.22916666666666666 0
1671638491248 0.25 0
1671638492383 0.25 0
1671638493458 0.2604166666666667 0
1671638494542 0.2604166666666667 0
1671638495606 0.2604166666666667 0
1671638496672 0.25 0
1671638497768 0.23958333333333334 0
1671638498900 0.23958333333333334 0
1671638499989 0.23958333333333334 0
1671638501065 0.25 0
1671638502174 0.2604166666666667 0
1671638503266 0.25 0
1671638504361 0.25 0
1671638505460 0.25 0
1671638506548 0.23958333333333334 0
1671638507638 0.25 0
1671638508720 0.23958333333333334 0
1671638509804 0.23958333333333334 0
1671638510935 0.22916666666666666 0
1671638512016 0.22916666666666666 0
1671638513106 0.22916666666666666 0
1671638514201 0.22916666666666666 0
1671638515301 0.22916666666666666 0
1671638516426 0.22916666666666666 0
1671638517551 0.21875 0
1671638518654 0.22916666666666666 0
1671638519754 0.22916666666666666 0
1671638520865 0.21875 0
1671638521954 0.21875 0
1671638523050 0.22916666666666666 0
1671638524155 0.22916666666666666 0
1671638525265 0.21875 0
1671638526344 0.21875 0
1671638527428 0.20833333333333334 0
1671638528513 0.20833333333333334 0
1671638529593 0.19791666666666666 0
1671638530673 0.19791666666666666 0
1671638531763 0.19791666666666666 0
1671638532847 0.19791666666666666 0
1671638533918 0.19791666666666666 0
1671638535007 0.19791666666666666 0
1671638536078 0.19791666666666666 0
1671638537277 0.19791666666666666 0
1671638538363 0.19791666666666666 0
1671638539460 0.17708333333333334 0
1671638540574 0.17708333333333334 0
1671638541660 0.1875 0
1671638542749 0.1875 0
1671638543854 0.1875 0
1671638544953 0.17708333333333334 0
1671638546047 0.17708333333333334 0
1671638547146 0.17708333333333334 0
1671638548250 0.17708333333333334 0
1671638549353 0.17708333333333334 0
1671638550447 0.17708333333333334 0
1671638551556 0.17708333333333334 0
1671638552661 0.17708333333333334 0
1671638553770 0.17708333333333334 0
1671638554881 0.17708333333333334 0
1671638556004 0.17708333333333334 0
1671638557108 0.17708333333333334 0
1671638558212 0.17708333333333334 0
1671638559301 0.17708333333333334 0
1671638560402 0.17708333333333334 0
1671638561489 0.1875 0
1671638562593 0.19791666666666666 0
1671638563681 0.20833333333333334 0
1671638564763 0.21875 0
1671638565878 0.19791666666666666 0
1671638566984 0.19791666666666666 0
1671638568081 0.19791666666666666 0
1671638569174 0.20833333333333334 0
1671638570294 0.20833333333333334 0
1671638571405 0.20833333333333334 0
1671638572509 0.20833333333333334 0
1671638573595 0.20833333333333334 0
1671638574681 0.20833333333333334 0
1671638575761 0.21875 0
1671638576864 0.22916666666666666 0
1671638577960 0.22916666666666666 0
1671638579061 0.25 0
1671638580180 0.25 0
1671638581270 0.25 0
1671638582351 0.2604166666666667 0
1671638583457 0.2604166666666667 0
1671638584548 0.2604166666666667 0
1671638585676 0.2708333333333333 0
1671638586765 0.2708333333333333 0
1671638587878 0.2708333333333333 0
1671638588969 0.2708333333333333 0
1671638590075 0.28125 0
1671638591172 0.28125 0
1671638592270 0.2708333333333333 0
1671638593366 0.2708333333333333 0
1671638594438 0.2708333333333333 0
1671638595533 0.2708333333333333 0
1671638596686 0.2708333333333333 0
1671638597768 0.2916666666666667 0
1671638598855 0.3020833333333333 0
1671638599940 0.3125 0
1671638601022 0.3125 0
1671638602136 0.3333333333333333 0
1671638603278 0.3333333333333333 0
1671638604454 0.34375 0
1671638605572 0.34375 0
1671638606711 0.3333333333333333 0
1671638607824 0.34375 0
1671638608962 0.34375 0
1671638610050 0.34375 0
1671638611186 0.3541666666666667 0
1671638612254 0.3541666666666667 0
1671638613354 0.3541666666666667 0
1671638614433 0.375 0
1671638615528 0.375 0
1671638616626 0.3854166666666667 0
1671638617715 0.375 0
1671638618784 0.3645833333333333 0
1671638619853 0.3645833333333333 0
1671638620929 0.3645833333333333 0
1671638622049 0.3541666666666667 0
1671638623149 0.3541666666666667 0
1671638624250 0.34375 0
1671638625349 0.34375 0
1671638626444 0.34375 0
1671638627557 0.34375 0
1671638628653 0.34375 0
1671638629765 0.3333333333333333 0
1671638630859 0.3333333333333333 0
1671638631970 0.3333333333333333 0
1671638633052 0.34375 0
1671638634123 0.34375 0
1671638635221 0.3333333333333333 0
1671638636340 0.34375 0
1671638637441 0.3333333333333333 0
1671638638555 0.3333333333333333 0
1671638639656 0.3229166666666667 0
1671638640751 0.3229166666666667 0
1671638641847 0.3229166666666667 0
1671638642926 0.3229166666666667 0
1671638643995 0.3333333333333333 0
1671638645084 0.3333333333333333 0
1671638646187 0.34375 0
1671638647317 0.3333333333333333 0
1671638648455 0.34375 0
1671638649584 0.34375 0
1671638650712 0.34375 0
1671638651829 0.34375 0
1671638652944 0.34375 0
1671638654069 0.34375 0
1671638655204 0.3333333333333333 0
1671638656305 0.3333333333333333 0
1671638657405 0.3333333333333333 0
1671638658464 0.3229166666666667 0
1671638659557 0.3020833333333333 0
1671638660645 0.2916666666666667 0
1671638661719 0.2916666666666667 0
1671638662979 0.2916666666666667 0
1671638664089 0.3020833333333333 0
1671638665214 0.3125 0
1671638666317 0.3125 0
1671638667416 0.3125 0
1671638668497 0.3125 0
1671638669573 0.3125 0
1671638670646 0.3125 0
1671638671743 0.3125 0
1671638672811 0.3125 0
1671638673930 0.3125 0
1671638675042 0.3125 0
1671638676161 0.3125 0
1671638677274 0.3125 0
1671638678418 0.3125 0
1671638679547 0.3020833333333333 0
1671638680688 0.3125 0
1671638681817 0.3125 0
1671638682939 0.3229166666666667 0
1671638684053 0.3229166666666667 0
1671638685146 0.3229166666666667 0
1671638686247 0.3229166666666667 0
1671638687307 0.3229166666666667 0
1671638688441 0.3333333333333333 0
1671638689532 0.3333333333333333 0
1671638690622 0.34375 0
1671638691718 0.3333333333333333 0
1671638692829 0.3333333333333333 0
1671638693958 0.34375 0
1671638695102 0.3541666666666667 0
1671638696258 0.34375 0
1671638697367 0.34375 0
1671638698490 0.3541666666666667 0
1671638699625 0.3541666666666667 0
1671638700774 0.3541666666666667 0
1671638701913 0.3541666666666667 0
1671638703048 0.3541666666666667 0
1671638704196 0.3541666666666667 0
1671638705324 0.34375 0
1671638706470 0.34375 0
1671638707562 0.34375 0
1671638708683 0.34375 0
1671638709803 0.3125 0
1671638710928 0.3125 0
1671638712074 0.3229166666666667 0
1671638713157 0.3125 0
1671638714280 0.3125 0
1671638715380 0.3125 0
1671638716474 0.3229166666666667 0
1671638717542 0.3229166666666667 0
1671638718614 0.3229166666666667 0
1671638719674 0.3229166666666667 0
1671638720765 0.34375 0
1671638721847 0.34375 0
1671638722942 0.3333333333333333 0
1671638724016 0.3333333333333333 0
1671638725117 0.3333333333333333 0
1671638726230 0.3333333333333333 0
1671638727323 0.3333333333333333 0
1671638728436 0.3229166666666667 0
1671638729568 0.3125 0
1671638730686 0.2916666666666667 0
1671638731817 0.2916666666666667 0
1671638732955 0.28125 0
1671638734096 0.2708333333333333 0
1671638735282 0.2604166666666667 0
1671638736398 0.2604166666666667 0
1671638737509 0.2708333333333333 0
1671638738619 0.2604166666666667 0
1671638739744 0.2604166666666667 0
1671638740884 0.2604166666666667 0
1671638742018 0.2708333333333333 0
1671638743161 0.2604166666666667 0
1671638744388 0.2604166666666667 0
1671638745515 0.2708333333333333 0
1671638746657 0.2708333333333333 0
1671638747784 0.2708333333333333 0
1671638748911 0.2708333333333333 0
1671638750013 0.28125 0
1671638751108 0.28125 0
1671638752193 0.28125 0
1671638753264 0.3020833333333333 0
1671638754330 0.3020833333333333 0
1671638755444 0.3020833333333333 0
1671638756545 0.3125 0
1671638757612 0.3125 0
1671638758687 0.3125 0
1671638759771 0.3020833333333333 0
1671638760870 0.3125 0
1671638761961 0.3020833333333333 0
1671638763054 0.3020833333333333 0
1671638764138 0.3125 0
1671638765272 0.3333333333333333 0
1671638766373 0.34375 0
1671638767441 0.34375 0
1671638768527 0.3333333333333333 0
1671638769620 0.3333333333333333 0
1671638770703 0.34375 0
1671638771786 0.34375 0
1671638772870 0.3333333333333333 0
1671638773983 0.3333333333333333 0
1671638775074 0.34375 0
1671638776176 0.3645833333333333 0
1671638777266 0.3541666666666667 0
1671638778361 0.3541666666666667 0
1671638779494 0.3541666666666667 0
1671638780619 0.34375 0
1671638781722 0.34375 0
