1671688671537 0.11290322580645161 0
1671688672609 0.11290322580645161 0
1671688673717 0.11290322580645161 0
1671688674806 0.11290322580645161 0
1671688675914 0.11290322580645161 0
1671688677043 0.11290322580645161 0
1671688678142 0.11290322580645161 0
1671688679250 0.11290322580645161 0
1671688680349 0.11290322580645161 0
1671688681461 0.11290322580645161 0
1671688682571 0.11290322580645161 0
1671688683717 0.11290322580645161 0
1671688684846 0.11290322580645161 0
1671688685953 0.11290322580645161 0
1671688687106 0.11290322580645161 0
1671688688861 0.12096774193548387 0
1671688690022 0.11290322580645161 0
1671688691119 0.10483870967741936 0
1671688692257 0.08870967741935484 0
1671688693381 0.06451612903225806 0
1671688694506 0.07258064516129033 0
1671688695608 0.056451612903225805 0
1671688696762 0.04838709677419355 0
1671688697904 0.08870967741935484 0
1671688699018 0.0967741935483871 0
1671688700147 0.11290322580645161 0
1671688701285 0.11290322580645161 0
1671688702408 0.12096774193548387 0
1671688703580 0.13709677419354838 0
1671688704737 0.12903225806451613 0
1671688705836 0.12903225806451613 0
1671688706962 0.14516129032258066 0
1671688708055 0.13709677419354838 0
1671688709199 0.14516129032258066 0
1671688710331 0.14516129032258066 0
1671688711438 0.14516129032258066 0
1671688712564 0.14516129032258066 0
1671688713729 0.14516129032258066 0
1671688714853 0.14516129032258066 0
1671688715963 0.14516129032258066 0
1671688717091 0.14516129032258066 0
1671688718251 0.14516129032258066 0
1671688719365 0.14516129032258066 0
1671688720524 0.14516129032258066 0
1671688721644 0.14516129032258066 0
1671688722749 0.14516129032258066 0
1671688723857 0.14516129032258066 0
1671688724979 0.14516129032258066 0
1671688726080 0.14516129032258066 0
1671688727203 0.14516129032258066 0
1671688728335 0.14516129032258066 0
1671688729446 0.13709677419354838 0
1671688730537 0.14516129032258066 0
1671688731646 0.14516129032258066 0
1671688732781 0.14516129032258066 0
1671688733885 0.14516129032258066 0
1671688734982 0.14516129032258066 0
1671688736111 0.14516129032258066 0
1671688737195 0.14516129032258066 0
1671688738309 0.14516129032258066 0
1671688739413 0.14516129032258066 0
1671688740518 0.14516129032258066 0
1671688741610 0.14516129032258066 0
1671688742728 0.13709677419354838 0
1671688743837 0.13709677419354838 0
1671688744965 0.13709677419354838 0
1671688746075 0.13709677419354838 0
1671688747192 0.13709677419354838 0
1671688748277 0.13709677419354838 0
1671688749378 0.14516129032258066 0
1671688750475 0.14516129032258066 0
1671688751558 0.1532258064516129 0
1671688752660 0.1532258064516129 0
1671688753754 0.14516129032258066 0
1671688754840 0.14516129032258066 0
1671688755938 0.14516129032258066 0
1671688757029 0.14516129032258066 0
1671688758162 0.16129032258064516 0
1671688759320 0.16129032258064516 0
1671688760460 0.1693548387096774 0
1671688761627 0.1693548387096774 0
1671688762736 0.1693548387096774 0
1671688763833 0.1693548387096774 0
1671688764964 0.1693548387096774 0
1671688766084 0.16129032258064516 0
1671688767230 0.16129032258064516 0
1671688768370 0.16129032258064516 0
1671688769502 0.16129032258064516 0
1671688770615 0.16129032258064516 0
1671688771740 0.1693548387096774 0
1671688772863 0.1693548387096774 0
1671688773981 0.16129032258064516 0
1671688775103 0.1532258064516129 0
1671688776203 0.14516129032258066 0
1671688777297 0.14516129032258066 0
1671688778421 0.14516129032258066 0
1671688779526 0.1532258064516129 0
1671688780649 0.16129032258064516 0
1671688781737 0.1693548387096774 0
1671688782857 0.16129032258064516 0
1671688783956 0.1693548387096774 0
1671688785050 0.16129032258064516 0
1671688786161 0.1693548387096774 0
1671688787276 0.1693548387096774 0
1671688788386 0.1693548387096774 0
1671688789498 0.1774193548387097 0
1671688790607 0.1693548387096774 0
1671688791693 0.16129032258064516 0
1671688792833 0.1532258064516129 0
1671688793960 0.1532258064516129 0
1671688795071 0.16129032258064516 0
1671688796199 0.16129032258064516 0
1671688797313 0.16129032258064516 0
1671688798437 0.1532258064516129 0
1671688799598 0.16129032258064516 0
1671688800701 0.1693548387096774 0
1671688801810 0.1774193548387097 0
1671688802931 0.20161290322580644 0
1671688804048 0.20161290322580644 0
1671688805150 0.21774193548387097 0
1671688806276 0.22580645161290322 0
1671688807405 0.22580645161290322 0
1671688808504 0.22580645161290322 0
1671688809629 0.23387096774193547 0
1671688810757 0.21774193548387097 0
1671688811859 0.21774193548387097 0
1671688812991 0.22580645161290322 0
1671688814114 0.22580645161290322 0
1671688815239 0.21774193548387097 0
1671688816372 0.21774193548387097 0
1671688817503 0.21774193548387097 0
1671688818628 0.20967741935483872 0
1671688819745 0.21774193548387097 0
1671688820868 0.21774193548387097 0
1671688821981 0.23387096774193547 0
1671688823117 0.24193548387096775 0
1671688824209 0.23387096774193547 0
1671688825318 0.23387096774193547 0
1671688826550 0.22580645161290322 0
1671688827688 0.22580645161290322 0
1671688828797 0.21774193548387097 0
1671688829911 0.23387096774193547 0
1671688831026 0.24193548387096775 0
1671688832120 0.25 0
1671688833223 0.25806451612903225 0
1671688834339 0.25 0
1671688835440 0.2661290322580645 0
1671688836536 0.28225806451612906 0
1671688837635 0.27419354838709675 0
1671688838755 0.27419354838709675 0
1671688839860 0.27419354838709675 0
1671688840966 0.2661290322580645 0
1671688842078 0.2661290322580645 0
1671688843212 0.2661290322580645 0
1671688844313 0.27419354838709675 0
1671688845435 0.2661290322580645 0
1671688846568 0.27419354838709675 0
1671688847718 0.27419354838709675 0
1671688848852 0.2661290322580645 0
1671688849981 0.2903225806451613 0
1671688851132 0.27419354838709675 0
1671688852251 0.28225806451612906 0
1671688853369 0.28225806451612906 0
1671688854511 0.27419354838709675 0
1671688855651 0.27419354838709675 0
1671688856810 0.27419354838709675 0
1671688857930 0.2661290322580645 0
1671688859045 0.25806451612903225 0
1671688860143 0.2661290322580645 0
1671688861266 0.2661290322580645 0
1671688862369 0.28225806451612906 0
1671688863479 0.2903225806451613 0
1671688864592 0.29838709677419356 0
1671688865722 0.3064516129032258 0
1671688866838 0.29838709677419356 0
1671688867959 0.29838709677419356 0
1671688869035 0.27419354838709675 0
1671688870154 0.27419354838709675 0
1671688871277 0.28225806451612906 0
1671688872476 0.28225806451612906 0
1671688873581 0.2661290322580645 0
1671688874718 0.2661290322580645 0
1671688875825 0.2661290322580645 0
1671688876928 0.2661290322580645 0
1671688878017 0.2661290322580645 0
1671688879143 0.2661290322580645 0
1671688880259 0.25806451612903225 0
1671688881357 0.25806451612903225 0
1671688882478 0.25806451612903225 0
1671688883563 0.2661290322580645 0
1671688884652 0.2661290322580645 0
1671688885756 0.2661290322580645 0
1671688886861 0.25806451612903225 0
1671688887987 0.25806451612903225 0
1671688889091 0.2661290322580645 0
1671688890183 0.2903225806451613 0
1671688891330 0.2903225806451613 0
1671688892443 0.29838709677419356 0
1671688893554 0.29838709677419356 0
1671688894675 0.2903225806451613 0
1671688895758 0.28225806451612906 0
1671688896858 0.2661290322580645 0
1671688897976 0.2661290322580645 0
1671688899077 0.2661290322580645 0
1671688900214 0.28225806451612906 0
1671688901317 0.27419354838709675 0
1671688902433 0.2903225806451613 0
1671688903561 0.28225806451612906 0
1671688904669 0.2903225806451613 0
1671688905775 0.28225806451612906 0
1671688906899 0.2903225806451613 0
1671688908014 0.28225806451612906 0
1671688909119 0.2903225806451613 0
1671688910241 0.27419354838709675 0
1671688911357 0.27419354838709675 0
1671688912767 0.2661290322580645 0
1671688913930 0.2661290322580645 0
1671688915026 0.2661290322580645 0
1671688916144 0.25806451612903225 0
1671688917275 0.25 0
1671688918409 0.25 0
1671688919535 0.24193548387096775 0
1671688920673 0.23387096774193547 0
1671688921801 0.24193548387096775 0
1671688922930 0.25 0
1671688924089 0.24193548387096775 0
1671688925241 0.24193548387096775 0
1671688926365 0.24193548387096775 0
1671688927511 0.25 0
1671688928623 0.25 0
1671688929732 0.25 0
1671688930831 0.25806451612903225 0
1671688931945 0.25806451612903225 0
1671688933035 0.25806451612903225 0
1671688934145 0.27419354838709675 0
1671688935254 0.2661290322580645 0
1671688936374 0.27419354838709675 0
1671688937466 0.27419354838709675 0
1671688938582 0.28225806451612906 0
1671688939683 0.27419354838709675 0
1671688940797 0.25 0
1671688941909 0.25 0
1671688943042 0.25806451612903225 0
1671688944142 0.2661290322580645 0
1671688945271 0.28225806451612906 0
1671688946374 0.29838709677419356 0
1671688947495 0.29838709677419356 0
1671688948602 0.31451612903225806 0
1671688949730 0.3064516129032258 0
1671688950849 0.2903225806451613 0
1671688951960 0.3064516129032258 0
1671688953105 0.31451612903225806 0
1671688954358 0.31451612903225806 0
1671688955546 0.29838709677419356 0
1671688956713 0.2903225806451613 0
1671688957877 0.2661290322580645 0
1671688959038 0.25806451612903225 0
1671688960228 0.25 0
1671688961366 0.25806451612903225 0
