1671626915139 0.11458333333333333 0
1671626916715 0.13541666666666666 0
1671626918312 0.13541666666666666 0
1671626919924 0.15625 0
1671626921443 0.15625 0
1671626923255 0.15625 0
1671626924960 0.14583333333333334 0
1671626926686 0.13541666666666666 0
1671626928361 0.13541666666666666 0
1671626930020 0.13541666666666666 0
1671626931638 0.15625 0
1671626933246 0.13541666666666666 0
1671626934934 0.13541666666666666 0
1671626936709 0.13541666666666666 0
1671626938350 0.1875 0
1671626939957 0.17708333333333334 0
1671626941662 0.1875 0
1671626943186 0.1875 0
1671626944753 0.16666666666666666 0
1671626946415 0.16666666666666666 0
1671626948038 0.16666666666666666 0
1671626949705 0.16666666666666666 0
1671626951501 0.16666666666666666 0
1671626953154 0.16666666666666666 0
1671626954817 0.16666666666666666 0
1671626956484 0.15625 0
1671626958256 0.16666666666666666 0
1671626959869 0.16666666666666666 0
1671626961429 0.14583333333333334 0
1671626963243 0.13541666666666666 0
1671626965482 0.13541666666666666 0
1671626967547 0.14583333333333334 0
1671626969849 0.14583333333333334 0
1671626971427 0.14583333333333334 0
1671626973062 0.14583333333333334 0
1671626974800 0.14583333333333334 0
1671626976735 0.13541666666666666 0
1671626978435 0.14583333333333334 0
1671626980187 0.14583333333333334 0
1671626981906 0.14583333333333334 0
1671626983710 0.14583333333333334 0
1671626985342 0.15625 0
1671626987019 0.15625 0
1671626988769 0.125 0
1671626990544 0.125 0
1671626992322 0.13541666666666666 0
1671626994052 0.13541666666666666 0
1671626995819 0.13541666666666666 0
1671626997471 0.14583333333333334 0
1671626999103 0.13541666666666666 0
1671627000774 0.16666666666666666 0
1671627002598 0.17708333333333334 0
1671627004249 0.15625 0
1671627006075 0.15625 0
1671627007773 0.15625 0
1671627009524 0.15625 0
1671627011175 0.13541666666666666 0
1671627012769 0.15625 0
1671627014546 0.14583333333333334 0
1671627016364 0.13541666666666666 0
1671627018122 0.125 0
1671627019965 0.11458333333333333 0
1671627021755 0.11458333333333333 0
1671627023432 0.13541666666666666 0
1671627025121 0.11458333333333333 0
1671627026889 0.11458333333333333 0
1671627028509 0.11458333333333333 0
1671627030239 0.11458333333333333 0
1671627031857 0.11458333333333333 0
1671627033474 0.11458333333333333 0
1671627035213 0.09375 0
1671627036904 0.09375 0
1671627038588 0.10416666666666667 0
1671627040172 0.10416666666666667 0
1671627041774 0.10416666666666667 0
1671627043430 0.09375 0
1671627045164 0.125 0
1671627046774 0.08333333333333333 0
1671627048526 0.10416666666666667 0
1671627050160 0.11458333333333333 0
1671627051816 0.11458333333333333 0
1671627053461 0.14583333333333334 0
1671627055219 0.15625 0
1671627057039 0.16666666666666666 0
1671627058640 0.1875 0
1671627060409 0.17708333333333334 0
1671627062048 0.20833333333333334 0
1671627063850 0.20833333333333334 0
1671627065540 0.20833333333333334 0
1671627067125 0.20833333333333334 0
1671627068834 0.20833333333333334 0
1671627070480 0.20833333333333334 0
1671627072093 0.20833333333333334 0
1671627073671 0.22916666666666666 0
1671627075335 0.23958333333333334 0
1671627076954 0.23958333333333334 0
1671627078680 0.25 0
1671627080308 0.23958333333333334 0
1671627081903 0.22916666666666666 0
1671627083598 0.22916666666666666 0
1671627085325 0.22916666666666666 0
1671627087042 0.22916666666666666 0
1671627088635 0.2604166666666667 0
1671627090360 0.25 0
1671627091968 0.25 0
1671627093691 0.25 0
1671627095442 0.23958333333333334 0
1671627097128 0.23958333333333334 0
1671627098796 0.23958333333333334 0
1671627100407 0.22916666666666666 0
1671627102091 0.22916666666666666 0
1671627103854 0.23958333333333334 0
1671627105558 0.23958333333333334 0
1671627107300 0.23958333333333334 0
1671627109491 0.23958333333333334 0
1671627111103 0.23958333333333334 0
1671627112969 0.25 0
1671627115582 0.22916666666666666 0
1671627117681 0.20833333333333334 0
1671627119141 0.19791666666666666 0
1671627120945 0.19791666666666666 0
1671627122647 0.19791666666666666 0
1671627124375 0.17708333333333334 0
1671627126105 0.17708333333333334 0
1671627127905 0.17708333333333334 0
1671627129553 0.17708333333333334 0
1671627131270 0.17708333333333334 0
1671627132940 0.1875 0
1671627134725 0.20833333333333334 0
1671627136634 0.21875 0
1671627138438 0.20833333333333334 0
1671627140050 0.1875 0
1671627141776 0.1875 0
1671627143413 0.16666666666666666 0
1671627145038 0.16666666666666666 0
1671627146725 0.16666666666666666 0
1671627148455 0.15625 0
1671627150206 0.15625 0
1671627151936 0.15625 0
1671627153775 0.17708333333333334 0
1671627155500 0.1875 0
1671627157145 0.17708333333333334 0
1671627158868 0.17708333333333334 0
1671627160574 0.17708333333333334 0
1671627162396 0.1875 0
1671627164125 0.1875 0
1671627165858 0.1875 0
1671627167705 0.17708333333333334 0
1671627169441 0.17708333333333334 0
1671627171106 0.15625 0
1671627172851 0.15625 0
1671627174682 0.15625 0
1671627176311 0.15625 0
1671627177961 0.15625 0
1671627179694 0.16666666666666666 0
1671627181379 0.15625 0
1671627183035 0.16666666666666666 0
1671627184752 0.16666666666666666 0
1671627186389 0.17708333333333334 0
1671627188102 0.17708333333333334 0
1671627189710 0.16666666666666666 0
1671627191379 0.15625 0
1671627193132 0.14583333333333334 0
1671627194998 0.15625 0
1671627196668 0.15625 0
1671627198342 0.15625 0
1671627200080 0.14583333333333334 0
1671627201761 0.14583333333333334 0
1671627203398 0.14583333333333334 0
1671627205047 0.15625 0
1671627206737 0.15625 0
1671627208368 0.15625 0
1671627210078 0.15625 0
1671627211734 0.15625 0
1671627213360 0.15625 0
1671627215067 0.17708333333333334 0
1671627216772 0.1875 0
1671627218521 0.17708333333333334 0
1671627220263 0.17708333333333334 0
1671627221844 0.17708333333333334 0
1671627223590 0.17708333333333334 0
1671627225205 0.17708333333333334 0
1671627226890 0.17708333333333334 0
1671627228491 0.17708333333333334 0
1671627230089 0.17708333333333334 0
1671627231901 0.17708333333333334 0
1671627233680 0.16666666666666666 0
1671627235350 0.16666666666666666 0
1671627237025 0.16666666666666666 0
1671627238584 0.16666666666666666 0
1671627240219 0.16666666666666666 0
1671627241836 0.15625 0
1671627243514 0.15625 0
1671627245113 0.14583333333333334 0
1671627246824 0.15625 0
1671627248538 0.15625 0
1671627250302 0.15625 0
1671627251913 0.1875 0
1671627253489 0.17708333333333334 0
1671627255229 0.17708333333333334 0
1671627256807 0.19791666666666666 0
1671627258614 0.19791666666666666 0
1671627260729 0.1875 0
1671627262982 0.14583333333333334 0
1671627264981 0.15625 0
1671627266521 0.15625 0
1671627268477 0.15625 0
1671627270150 0.16666666666666666 0
1671627271939 0.17708333333333334 0
1671627273620 0.1875 0
1671627275288 0.19791666666666666 0
1671627277138 0.19791666666666666 0
1671627278812 0.21875 0
1671627280346 0.21875 0
1671627282219 0.22916666666666666 0
1671627283875 0.22916666666666666 0
1671627285544 0.23958333333333334 0
1671627287312 0.2604166666666667 0
1671627289031 0.2708333333333333 0
1671627290891 0.25 0
1671627292694 0.2604166666666667 0
1671627294243 0.23958333333333334 0
1671627295803 0.21875 0
1671627297502 0.20833333333333334 0
1671627299187 0.20833333333333334 0
1671627300938 0.21875 0
1671627302526 0.19791666666666666 0
1671627304221 0.19791666666666666 0
1671627306014 0.20833333333333334 0
1671627307737 0.20833333333333334 0
1671627309585 0.22916666666666666 0
1671627311154 0.20833333333333334 0
1671627312717 0.20833333333333334 0
1671627314405 0.21875 0
1671627316058 0.21875 0
1671627317770 0.19791666666666666 0
1671627319399 0.21875 0
1671627320989 0.21875 0
1671627322645 0.21875 0
1671627324463 0.21875 0
1671627326304 0.21875 0
1671627328006 0.21875 0
1671627329805 0.21875 0
1671627331372 0.21875 0
1671627332948 0.21875 0
1671627334658 0.21875 0
1671627336449 0.20833333333333334 0
1671627338122 0.20833333333333334 0
1671627339742 0.20833333333333334 0
1671627341540 0.20833333333333334 0
1671627343372 0.20833333333333334 0
1671627345021 0.21875 0
1671627346697 0.20833333333333334 0
1671627348220 0.20833333333333334 0
1671627349870 0.20833333333333334 0
1671627351450 0.20833333333333334 0
1671627353163 0.21875 0
1671627354776 0.21875 0
1671627356526 0.21875 0
1671627358170 0.21875 0
1671627359742 0.21875 0
1671627361385 0.21875 0
1671627363285 0.21875 0
1671627364877 0.21875 0
1671627366636 0.21875 0
1671627368298 0.22916666666666666 0
1671627370005 0.22916666666666666 0
1671627371649 0.23958333333333334 0
1671627373289 0.23958333333333334 0
1671627375045 0.23958333333333334 0
1671627376701 0.25 0
1671627378264 0.23958333333333334 0
1671627379952 0.25 0
1671627381589 0.2604166666666667 0
1671627383170 0.2604166666666667 0
1671627384762 0.3125 0
1671627386502 0.3229166666666667 0
1671627388150 0.3125 0
1671627389877 0.3020833333333333 0
1671627391445 0.2916666666666667 0
1671627392996 0.2916666666666667 0
1671627394614 0.28125 0
1671627396277 0.2708333333333333 0
1671627397990 0.2708333333333333 0
1671627399612 0.25 0
1671627401254 0.25 0
1671627402962 0.25 0
1671627404727 0.23958333333333334 0
1671627406520 0.23958333333333334 0
1671627408690 0.22916666666666666 0
1671627410623 0.22916666666666666 0
1671627412808 0.22916666666666666 0
1671627414635 0.20833333333333334 0
1671627416393 0.19791666666666666 0
1671627418192 0.19791666666666666 0
1671627419965 0.17708333333333334 0
1671627421733 0.19791666666666666 0
1671627423417 0.21875 0
1671627425027 0.20833333333333334 0
1671627426809 0.21875 0
1671627428484 0.21875 0
1671627430172 0.19791666666666666 0
1671627431878 0.22916666666666666 0
1671627433503 0.20833333333333334 0
1671627435199 0.21875 0
1671627436870 0.1875 0
1671627438611 0.17708333333333334 0
1671627440292 0.17708333333333334 0
1671627442115 0.1875 0
1671627443859 0.1875 0
1671627445567 0.1875 0
1671627447431 0.1875 0
1671627449218 0.1875 0
1671627450889 0.19791666666666666 0
1671627452593 0.19791666666666666 0
1671627454289 0.1875 0
1671627455851 0.16666666666666666 0
1671627457567 0.16666666666666666 0
1671627459385 0.14583333333333334 0
1671627461065 0.13541666666666666 0
