1671629018161 0.11458333333333333 0
1671629019390 0.11458333333333333 0
1671629020623 0.11458333333333333 0
1671629021856 0.11458333333333333 0
1671629023095 0.11458333333333333 0
1671629024338 0.11458333333333333 0
1671629025571 0.11458333333333333 0
1671629026807 0.11458333333333333 0
1671629028043 0.11458333333333333 0
1671629029327 0.11458333333333333 0
1671629030550 0.11458333333333333 0
1671629031791 0.11458333333333333 0
1671629033037 0.11458333333333333 0
1671629034382 0.11458333333333333 0
1671629035645 0.11458333333333333 0
1671629036966 0.11458333333333333 0
1671629038295 0.11458333333333333 0
1671629039632 0.11458333333333333 0
1671629040956 0.11458333333333333 0
1671629042292 0.11458333333333333 0
1671629043616 0.11458333333333333 0
1671629044942 0.11458333333333333 0
1671629046270 0.11458333333333333 0
1671629047617 0.11458333333333333 0
1671629048960 0.11458333333333333 0
1671629050190 0.11458333333333333 0
1671629051423 0.11458333333333333 0
1671629052662 0.11458333333333333 0
1671629053896 0.11458333333333333 0
