1671688231688 0.11290322580645161 0
1671688232788 0.11290322580645161 0
1671688233922 0.11290322580645161 0
1671688235012 0.11290322580645161 0
1671688236169 0.11290322580645161 0
1671688237307 0.11290322580645161 0
1671688238419 0.11290322580645161 0
1671688239519 0.11290322580645161 0
1671688240670 0.11290322580645161 0
1671688241777 0.11290322580645161 0
1671688242871 0.11290322580645161 0
1671688244016 0.11290322580645161 0
1671688245164 0.11290322580645161 0
1671688246298 0.11290322580645161 0
1671688247446 0.11290322580645161 0
1671688249028 0.12096774193548387 0
1671688250139 0.11290322580645161 0
1671688251268 0.10483870967741936 0
1671688252392 0.08870967741935484 0
1671688253521 0.06451612903225806 0
1671688254617 0.07258064516129033 0
1671688255738 0.056451612903225805 0
1671688256852 0.04838709677419355 0
1671688257988 0.08870967741935484 0
1671688259130 0.0967741935483871 0
1671688260286 0.11290322580645161 0
1671688261416 0.11290322580645161 0
1671688262542 0.12096774193548387 0
1671688263667 0.13709677419354838 0
1671688264775 0.12903225806451613 0
1671688265872 0.12903225806451613 0
1671688266954 0.14516129032258066 0
1671688268047 0.13709677419354838 0
1671688269185 0.14516129032258066 0
1671688270283 0.14516129032258066 0
1671688271396 0.14516129032258066 0
1671688272527 0.14516129032258066 0
1671688273681 0.14516129032258066 0
1671688274790 0.14516129032258066 0
1671688275873 0.14516129032258066 0
1671688277007 0.14516129032258066 0
1671688278150 0.14516129032258066 0
1671688279257 0.14516129032258066 0
1671688280357 0.14516129032258066 0
1671688281458 0.14516129032258066 0
1671688282548 0.14516129032258066 0
1671688283671 0.14516129032258066 0
1671688284768 0.14516129032258066 0
1671688285868 0.14516129032258066 0
1671688287013 0.14516129032258066 0
1671688288141 0.14516129032258066 0
1671688289266 0.13709677419354838 0
1671688290383 0.14516129032258066 0
1671688291512 0.14516129032258066 0
1671688292642 0.14516129032258066 0
1671688293755 0.14516129032258066 0
1671688294865 0.14516129032258066 0
1671688295988 0.14516129032258066 0
1671688297106 0.14516129032258066 0
1671688298229 0.14516129032258066 0
1671688299349 0.14516129032258066 0
1671688300460 0.14516129032258066 0
1671688301571 0.14516129032258066 0
1671688302679 0.13709677419354838 0
1671688303782 0.13709677419354838 0
1671688304903 0.13709677419354838 0
1671688306011 0.13709677419354838 0
1671688307106 0.13709677419354838 0
1671688308199 0.13709677419354838 0
1671688309354 0.14516129032258066 0
1671688310517 0.14516129032258066 0
1671688311633 0.1532258064516129 0
1671688312751 0.1532258064516129 0
1671688313879 0.14516129032258066 0
1671688314999 0.14516129032258066 0
1671688316136 0.14516129032258066 0
1671688317236 0.14516129032258066 0
1671688318358 0.16129032258064516 0
1671688319481 0.16129032258064516 0
1671688320581 0.1693548387096774 0
1671688321697 0.1693548387096774 0
1671688322813 0.1693548387096774 0
1671688323943 0.1693548387096774 0
1671688325057 0.1693548387096774 0
1671688326192 0.16129032258064516 0
1671688327308 0.16129032258064516 0
1671688328470 0.16129032258064516 0
1671688329589 0.16129032258064516 0
1671688330739 0.16129032258064516 0
1671688331894 0.1693548387096774 0
1671688333042 0.1693548387096774 0
1671688334150 0.16129032258064516 0
1671688335272 0.1532258064516129 0
1671688336383 0.14516129032258066 0
1671688337519 0.14516129032258066 0
1671688338649 0.14516129032258066 0
1671688339795 0.1532258064516129 0
1671688340916 0.16129032258064516 0
1671688342030 0.1693548387096774 0
1671688343152 0.16129032258064516 0
1671688344270 0.1693548387096774 0
1671688345368 0.16129032258064516 0
1671688346532 0.1693548387096774 0
1671688347655 0.1693548387096774 0
1671688348751 0.1693548387096774 0
1671688349876 0.1774193548387097 0
1671688350989 0.1693548387096774 0
1671688352103 0.16129032258064516 0
1671688353258 0.1532258064516129 0
1671688354368 0.1532258064516129 0
1671688355478 0.16129032258064516 0
1671688356593 0.16129032258064516 0
1671688357705 0.16129032258064516 0
1671688358825 0.1532258064516129 0
1671688360038 0.16129032258064516 0
1671688361198 0.1693548387096774 0
1671688362353 0.1774193548387097 0
1671688363471 0.20161290322580644 0
1671688364613 0.20161290322580644 0
1671688365753 0.21774193548387097 0
1671688366890 0.22580645161290322 0
1671688368019 0.22580645161290322 0
1671688369139 0.22580645161290322 0
1671688370260 0.23387096774193547 0
1671688371397 0.21774193548387097 0
1671688372492 0.21774193548387097 0
1671688373628 0.22580645161290322 0
1671688374751 0.22580645161290322 0
1671688375923 0.21774193548387097 0
1671688377057 0.21774193548387097 0
1671688378214 0.21774193548387097 0
1671688379346 0.20967741935483872 0
1671688380509 0.21774193548387097 0
1671688381651 0.21774193548387097 0
1671688382817 0.23387096774193547 0
1671688383961 0.24193548387096775 0
1671688385117 0.23387096774193547 0
1671688386288 0.23387096774193547 0
1671688387581 0.22580645161290322 0
1671688388689 0.22580645161290322 0
1671688389783 0.21774193548387097 0
1671688390900 0.23387096774193547 0
1671688391989 0.24193548387096775 0
1671688393090 0.25 0
1671688394190 0.25806451612903225 0
1671688395308 0.25 0
1671688396428 0.2661290322580645 0
1671688397531 0.28225806451612906 0
1671688398635 0.27419354838709675 0
1671688399749 0.27419354838709675 0
1671688400848 0.27419354838709675 0
1671688401979 0.2661290322580645 0
1671688403087 0.2661290322580645 0
1671688404204 0.2661290322580645 0
1671688405309 0.27419354838709675 0
1671688406414 0.2661290322580645 0
1671688407523 0.27419354838709675 0
1671688408634 0.27419354838709675 0
1671688409787 0.2661290322580645 0
1671688410906 0.2903225806451613 0
1671688412045 0.27419354838709675 0
1671688413170 0.28225806451612906 0
1671688414320 0.28225806451612906 0
1671688415454 0.27419354838709675 0
1671688416598 0.27419354838709675 0
1671688417725 0.27419354838709675 0
1671688418830 0.2661290322580645 0
1671688419950 0.25806451612903225 0
1671688421061 0.2661290322580645 0
1671688422173 0.2661290322580645 0
1671688423310 0.28225806451612906 0
1671688424416 0.2903225806451613 0
1671688425551 0.29838709677419356 0
1671688426686 0.3064516129032258 0
1671688427815 0.29838709677419356 0
1671688428948 0.29838709677419356 0
1671688430079 0.27419354838709675 0
1671688431201 0.27419354838709675 0
1671688432341 0.28225806451612906 0
1671688433597 0.28225806451612906 0
1671688434707 0.2661290322580645 0
1671688435826 0.2661290322580645 0
1671688436946 0.2661290322580645 0
1671688438069 0.2661290322580645 0
1671688439213 0.2661290322580645 0
1671688440334 0.2661290322580645 0
1671688441452 0.25806451612903225 0
1671688442584 0.25806451612903225 0
1671688443713 0.25806451612903225 0
1671688444864 0.2661290322580645 0
1671688446026 0.2661290322580645 0
1671688447197 0.2661290322580645 0
1671688448345 0.25806451612903225 0
1671688449476 0.25806451612903225 0
1671688450639 0.2661290322580645 0
1671688451771 0.2903225806451613 0
1671688452932 0.2903225806451613 0
1671688454046 0.29838709677419356 0
1671688455210 0.29838709677419356 0
1671688456355 0.2903225806451613 0
1671688457506 0.28225806451612906 0
1671688458671 0.2661290322580645 0
1671688459831 0.2661290322580645 0
1671688460986 0.2661290322580645 0
1671688462156 0.28225806451612906 0
1671688463284 0.27419354838709675 0
1671688464400 0.2903225806451613 0
1671688465559 0.28225806451612906 0
1671688466729 0.2903225806451613 0
1671688467876 0.28225806451612906 0
1671688469051 0.2903225806451613 0
1671688470197 0.28225806451612906 0
1671688471356 0.2903225806451613 0
1671688472507 0.27419354838709675 0
1671688473685 0.27419354838709675 0
1671688475147 0.2661290322580645 0
1671688476246 0.2661290322580645 0
1671688477354 0.2661290322580645 0
1671688478478 0.25806451612903225 0
1671688479591 0.25 0
1671688480734 0.25 0
1671688481912 0.24193548387096775 0
1671688483044 0.23387096774193547 0
1671688484145 0.24193548387096775 0
1671688485257 0.25 0
1671688486390 0.24193548387096775 0
1671688487499 0.24193548387096775 0
1671688488623 0.24193548387096775 0
1671688489725 0.25 0
1671688490831 0.25 0
1671688491960 0.25 0
1671688493073 0.25806451612903225 0
1671688494178 0.25806451612903225 0
1671688495289 0.25806451612903225 0
1671688496380 0.27419354838709675 0
1671688497497 0.2661290322580645 0
1671688498669 0.27419354838709675 0
1671688499851 0.27419354838709675 0
1671688500975 0.28225806451612906 0
1671688502118 0.27419354838709675 0
1671688503244 0.25 0
1671688504384 0.25 0
1671688505514 0.25806451612903225 0
1671688506693 0.2661290322580645 0
1671688507822 0.28225806451612906 0
1671688508957 0.29838709677419356 0
1671688510076 0.29838709677419356 0
1671688511218 0.31451612903225806 0
1671688512355 0.3064516129032258 0
1671688513471 0.2903225806451613 0
1671688514611 0.3064516129032258 0
1671688515746 0.31451612903225806 0
1671688516936 0.31451612903225806 0
1671688518043 0.29838709677419356 0
1671688519146 0.2903225806451613 0
1671688520273 0.2661290322580645 0
1671688521386 0.25806451612903225 0
1671688522535 0.25 0
1671688523635 0.25806451612903225 0
1671688524777 0.25 0
1671688525902 0.23387096774193547 0
1671688527025 0.24193548387096775 0
1671688528154 0.2661290322580645 0
1671688529257 0.27419354838709675 0
1671688530408 0.2661290322580645 0
1671688531523 0.25806451612903225 0
1671688532610 0.25806451612903225 0
1671688533708 0.25806451612903225 0
1671688534875 0.25 0
1671688535971 0.25 0
1671688537072 0.25 0
1671688538189 0.24193548387096775 0
1671688539304 0.24193548387096775 0
1671688540451 0.23387096774193547 0
1671688541608 0.23387096774193547 0
1671688542740 0.22580645161290322 0
1671688543874 0.22580645161290322 0
1671688545015 0.23387096774193547 0
1671688546162 0.24193548387096775 0
1671688547293 0.25 0
1671688548444 0.25 0
1671688549578 0.23387096774193547 0
1671688550690 0.25 0
1671688551817 0.21774193548387097 0
1671688552948 0.21774193548387097 0
1671688554076 0.20161290322580644 0
1671688555214 0.20161290322580644 0
1671688556375 0.20161290322580644 0
1671688557513 0.20161290322580644 0
1671688558649 0.20161290322580644 0
1671688559814 0.20967741935483872 0
1671688560931 0.20967741935483872 0
1671688562108 0.20161290322580644 0
1671688563251 0.21774193548387097 0
1671688564438 0.21774193548387097 0
1671688565559 0.24193548387096775 0
1671688566665 0.24193548387096775 0
1671688567775 0.23387096774193547 0
1671688568897 0.23387096774193547 0
1671688570006 0.23387096774193547 0
1671688571176 0.22580645161290322 0
1671688572277 0.22580645161290322 0
1671688573457 0.21774193548387097 0
1671688574704 0.20967741935483872 0
1671688575933 0.20967741935483872 0
1671688577220 0.20967741935483872 0
1671688578443 0.20967741935483872 0
1671688579649 0.20967741935483872 0
1671688580871 0.20161290322580644 0
1671688582046 0.20967741935483872 0
1671688583307 0.23387096774193547 0
1671688584490 0.22580645161290322 0
1671688585695 0.21774193548387097 0
1671688586811 0.20161290322580644 0
1671688587948 0.20161290322580644 0
1671688589121 0.1935483870967742 0
1671688590345 0.1935483870967742 0
1671688591555 0.18548387096774194 0
1671688592795 0.1935483870967742 0
1671688594023 0.1935483870967742 0
1671688595312 0.1935483870967742 0
1671688596537 0.1935483870967742 0
1671688597762 0.20161290322580644 0
1671688598973 0.20967741935483872 0
1671688600134 0.21774193548387097 0
1671688601234 0.20967741935483872 0
1671688602368 0.20967741935483872 0
1671688603562 0.23387096774193547 0
1671688604696 0.23387096774193547 0
1671688605841 0.23387096774193547 0
1671688606963 0.23387096774193547 0
1671688608145 0.24193548387096775 0
1671688609271 0.25 0
1671688610393 0.23387096774193547 0
1671688611506 0.22580645161290322 0
1671688612648 0.23387096774193547 0
1671688613757 0.23387096774193547 0
1671688614859 0.23387096774193547 0
1671688616009 0.22580645161290322 0
1671688617171 0.22580645161290322 0
1671688618270 0.24193548387096775 0
1671688619367 0.24193548387096775 0
1671688620486 0.25 0
1671688621610 0.25806451612903225 0
1671688622784 0.25 0
1671688623949 0.2661290322580645 0
1671688625109 0.27419354838709675 0
1671688626277 0.28225806451612906 0
1671688627474 0.29838709677419356 0
1671688628733 0.2903225806451613 0
1671688629868 0.2903225806451613 0
1671688631100 0.29838709677419356 0
1671688632320 0.2903225806451613 0
1671688633442 0.2903225806451613 0
1671688634590 0.27419354838709675 0
1671688635696 0.27419354838709675 0
1671688636856 0.27419354838709675 0
1671688637966 0.2903225806451613 0
