1671628243018 0.11458333333333333 0
1671628244238 0.11458333333333333 0
1671628245487 0.11458333333333333 0
1671628246758 0.11458333333333333 0
1671628248021 0.11458333333333333 0
1671628249296 0.11458333333333333 0
1671628250569 0.11458333333333333 0
1671628251841 0.11458333333333333 0
1671628253109 0.11458333333333333 0
1671628254408 0.11458333333333333 0
1671628255673 0.11458333333333333 0
1671628256960 0.11458333333333333 0
1671628258134 0.11458333333333333 0
1671628259318 0.11458333333333333 0
1671628260497 0.16666666666666666 0
1671628261680 0.16666666666666666 0
1671628262853 0.16666666666666666 0
1671628264041 0.16666666666666666 0
1671628265250 0.16666666666666666 0
1671628266501 0.16666666666666666 0
1671628267767 0.16666666666666666 0
1671628269035 0.16666666666666666 0
1671628270293 0.16666666666666666 0
1671628271572 0.16666666666666666 0
1671628272859 0.16666666666666666 0
1671628274140 0.16666666666666666 0
1671628275395 0.16666666666666666 0
1671628276668 0.16666666666666666 0
1671628277933 0.17708333333333334 0
1671628279153 0.16666666666666666 0
1671628280413 0.11458333333333333 0
1671628281668 0.13541666666666666 0
1671628282913 0.13541666666666666 0
1671628284171 0.13541666666666666 0
1671628285399 0.13541666666666666 0
1671628286623 0.13541666666666666 0
1671628287877 0.13541666666666666 0
1671628289149 0.13541666666666666 0
1671628290416 0.13541666666666666 0
1671628291703 0.13541666666666666 0
1671628292959 0.13541666666666666 0
1671628294215 0.13541666666666666 0
1671628295482 0.13541666666666666 0
1671628296728 0.13541666666666666 0
1671628297981 0.13541666666666666 0
1671628299265 0.13541666666666666 0
1671628300517 0.13541666666666666 0
1671628301769 0.13541666666666666 0
1671628303023 0.125 0
1671628304291 0.10416666666666667 0
1671628305563 0.14583333333333334 0
1671628306822 0.125 0
1671628308109 0.11458333333333333 0
1671628309371 0.11458333333333333 0
1671628310659 0.11458333333333333 0
1671628311912 0.11458333333333333 0
1671628313176 0.11458333333333333 0
1671628314436 0.13541666666666666 0
1671628315637 0.10416666666666667 0
1671628316811 0.11458333333333333 0
1671628317992 0.11458333333333333 0
1671628319166 0.11458333333333333 0
1671628320345 0.11458333333333333 0
1671628321519 0.11458333333333333 0
1671628322696 0.11458333333333333 0
1671628323871 0.11458333333333333 0
1671628325076 0.11458333333333333 0
1671628326241 0.11458333333333333 0
1671628327427 0.11458333333333333 0
1671628328589 0.11458333333333333 0
1671628329767 0.11458333333333333 0
1671628330948 0.11458333333333333 0
1671628332129 0.11458333333333333 0
1671628333313 0.11458333333333333 0
1671628334479 0.13541666666666666 0
1671628335658 0.125 0
1671628336835 0.13541666666666666 0
1671628338019 0.14583333333333334 0
1671628339188 0.13541666666666666 0
1671628340395 0.13541666666666666 0
1671628341575 0.125 0
1671628342798 0.125 0
1671628344018 0.125 0
