1671643478898 0.10483870967741936 0
1671643480029 0.11290322580645161 0
1671643481166 0.11290322580645161 0
1671643482286 0.11290322580645161 0
1671643483430 0.11290322580645161 0
1671643484583 0.11290322580645161 0
1671643485714 0.11290322580645161 0
1671643486828 0.10483870967741936 0
1671643487970 0.10483870967741936 0
1671643489070 0.10483870967741936 0
1671643490192 0.10483870967741936 0
1671643491290 0.10483870967741936 0
1671643492414 0.10483870967741936 0
1671643493505 0.0967741935483871 0
1671643494599 0.0967741935483871 0
1671643496001 0.0967741935483871 0
1671643497128 0.0967741935483871 0
1671643498230 0.10483870967741936 0
1671643499337 0.10483870967741936 0
1671643500425 0.11290322580645161 0
1671643501525 0.11290322580645161 0
1671643502621 0.0967741935483871 0
1671643503759 0.10483870967741936 0
1671643504850 0.0967741935483871 0
1671643505965 0.13709677419354838 0
1671643507074 0.12903225806451613 0
1671643508201 0.11290322580645161 0
1671643509285 0.13709677419354838 0
1671643510426 0.14516129032258066 0
1671643511523 0.12903225806451613 0
1671643512639 0.12903225806451613 0
1671643513763 0.12903225806451613 0
1671643514871 0.12903225806451613 0
1671643515995 0.12903225806451613 0
1671643517110 0.13709677419354838 0
1671643518203 0.13709677419354838 0
1671643519289 0.13709677419354838 0
1671643520382 0.13709677419354838 0
1671643521493 0.13709677419354838 0
1671643522593 0.13709677419354838 0
1671643523699 0.13709677419354838 0
1671643524823 0.13709677419354838 0
1671643525922 0.13709677419354838 0
1671643527036 0.13709677419354838 0
1671643528138 0.13709677419354838 0
1671643529268 0.13709677419354838 0
1671643530383 0.13709677419354838 0
1671643531517 0.13709677419354838 0
1671643532644 0.13709677419354838 0
1671643533775 0.13709677419354838 0
1671643534922 0.13709677419354838 0
1671643536051 0.13709677419354838 0
1671643537177 0.13709677419354838 0
1671643538317 0.13709677419354838 0
1671643539423 0.13709677419354838 0
1671643540551 0.13709677419354838 0
1671643541655 0.13709677419354838 0
1671643542785 0.13709677419354838 0
1671643543907 0.13709677419354838 0
1671643545036 0.13709677419354838 0
1671643546147 0.13709677419354838 0
1671643547254 0.13709677419354838 0
1671643548401 0.13709677419354838 0
1671643549508 0.13709677419354838 0
1671643550617 0.13709677419354838 0
1671643551723 0.13709677419354838 0
1671643552827 0.13709677419354838 0
1671643553906 0.13709677419354838 0
1671643555029 0.13709677419354838 0
1671643556125 0.13709677419354838 0
1671643557243 0.13709677419354838 0
1671643558314 0.13709677419354838 0
1671643559395 0.13709677419354838 0
1671643560487 0.14516129032258066 0
1671643561589 0.14516129032258066 0
1671643562666 0.14516129032258066 0
1671643563757 0.13709677419354838 0
1671643564856 0.13709677419354838 0
1671643565929 0.13709677419354838 0
1671643567025 0.14516129032258066 0
1671643568138 0.1532258064516129 0
1671643569266 0.1532258064516129 0
1671643570411 0.1532258064516129 0
1671643571558 0.16129032258064516 0
1671643572675 0.16129032258064516 0
1671643573790 0.1693548387096774 0
1671643574906 0.1693548387096774 0
1671643576016 0.1693548387096774 0
1671643577138 0.16129032258064516 0
1671643578252 0.16129032258064516 0
1671643579337 0.1693548387096774 0
1671643580456 0.1693548387096774 0
1671643581568 0.1693548387096774 0
1671643582643 0.1693548387096774 0
1671643583786 0.1774193548387097 0
1671643584859 0.1693548387096774 0
1671643585957 0.1693548387096774 0
1671643587069 0.1693548387096774 0
1671643588176 0.1693548387096774 0
1671643589291 0.1693548387096774 0
1671643590409 0.16129032258064516 0
1671643591522 0.16129032258064516 0
1671643592649 0.16129032258064516 0
1671643593783 0.16129032258064516 0
1671643594902 0.16129032258064516 0
1671643596009 0.16129032258064516 0
1671643597110 0.1532258064516129 0
1671643598226 0.16129032258064516 0
1671643599376 0.16129032258064516 0
1671643600510 0.1693548387096774 0
1671643601610 0.1774193548387097 0
1671643602751 0.1693548387096774 0
1671643603888 0.1774193548387097 0
1671643605038 0.20161290322580644 0
1671643606200 0.20161290322580644 0
1671643607291 0.22580645161290322 0
1671643608365 0.24193548387096775 0
1671643609461 0.24193548387096775 0
1671643610550 0.22580645161290322 0
1671643611643 0.22580645161290322 0
1671643612731 0.22580645161290322 0
1671643613824 0.22580645161290322 0
1671643614923 0.20967741935483872 0
1671643616020 0.20967741935483872 0
1671643617110 0.20967741935483872 0
1671643618229 0.20967741935483872 0
1671643619337 0.20161290322580644 0
1671643620440 0.20161290322580644 0
1671643621548 0.20161290322580644 0
1671643622665 0.20967741935483872 0
1671643623771 0.20967741935483872 0
1671643624884 0.20967741935483872 0
1671643626000 0.20161290322580644 0
1671643627122 0.1935483870967742 0
1671643628251 0.1935483870967742 0
1671643629395 0.1935483870967742 0
1671643630514 0.1935483870967742 0
1671643631619 0.1935483870967742 0
1671643632863 0.20161290322580644 0
1671643633959 0.20967741935483872 0
1671643635048 0.21774193548387097 0
1671643636172 0.22580645161290322 0
1671643637275 0.22580645161290322 0
1671643638401 0.22580645161290322 0
1671643639522 0.24193548387096775 0
1671643640634 0.25806451612903225 0
1671643641736 0.2661290322580645 0
1671643642862 0.28225806451612906 0
1671643643942 0.29838709677419356 0
1671643645033 0.3064516129032258 0
1671643646116 0.2903225806451613 0
1671643647207 0.28225806451612906 0
1671643648285 0.29838709677419356 0
1671643649370 0.28225806451612906 0
1671643650459 0.28225806451612906 0
1671643651558 0.27419354838709675 0
1671643652656 0.27419354838709675 0
1671643653763 0.2661290322580645 0
1671643654861 0.28225806451612906 0
1671643655959 0.28225806451612906 0
1671643657050 0.28225806451612906 0
1671643658156 0.27419354838709675 0
1671643659246 0.25806451612903225 0
1671643660322 0.2661290322580645 0
1671643661420 0.25 0
1671643662501 0.25 0
1671643663634 0.25 0
1671643664732 0.25 0
1671643665846 0.24193548387096775 0
1671643666945 0.24193548387096775 0
1671643668042 0.24193548387096775 0
1671643669139 0.24193548387096775 0
1671643670236 0.24193548387096775 0
1671643671330 0.2661290322580645 0
1671643672430 0.25806451612903225 0
1671643673518 0.2661290322580645 0
1671643674611 0.2661290322580645 0
1671643675694 0.25806451612903225 0
1671643676808 0.25806451612903225 0
1671643677977 0.2661290322580645 0
1671643679081 0.2661290322580645 0
1671643680166 0.2661290322580645 0
1671643681246 0.27419354838709675 0
1671643682355 0.27419354838709675 0
1671643683474 0.2661290322580645 0
1671643684586 0.27419354838709675 0
1671643685709 0.28225806451612906 0
1671643686798 0.2903225806451613 0
1671643687895 0.28225806451612906 0
1671643688991 0.27419354838709675 0
1671643690101 0.2661290322580645 0
1671643691197 0.2661290322580645 0
1671643692298 0.2661290322580645 0
1671643693404 0.2661290322580645 0
1671643694498 0.2661290322580645 0
1671643695585 0.25806451612903225 0
1671643696692 0.25 0
1671643697787 0.24193548387096775 0
1671643698882 0.24193548387096775 0
1671643699974 0.24193548387096775 0
1671643701087 0.25 0
1671643702207 0.25 0
1671643703331 0.25806451612903225 0
1671643704446 0.25806451612903225 0
1671643705568 0.2661290322580645 0
1671643706688 0.25806451612903225 0
1671643707801 0.25806451612903225 0
1671643708925 0.2661290322580645 0
1671643710043 0.28225806451612906 0
1671643711162 0.2661290322580645 0
1671643712296 0.2661290322580645 0
1671643713429 0.28225806451612906 0
1671643714543 0.28225806451612906 0
1671643715658 0.2903225806451613 0
1671643716793 0.29838709677419356 0
1671643718206 0.3064516129032258 0
1671643719346 0.3064516129032258 0
1671643720485 0.29838709677419356 0
1671643721624 0.28225806451612906 0
1671643722764 0.28225806451612906 0
1671643723917 0.2661290322580645 0
1671643725050 0.2661290322580645 0
1671643726190 0.2661290322580645 0
1671643727322 0.27419354838709675 0
1671643728482 0.28225806451612906 0
1671643729619 0.2903225806451613 0
1671643730765 0.27419354838709675 0
1671643731902 0.28225806451612906 0
1671643733042 0.28225806451612906 0
1671643734173 0.28225806451612906 0
1671643735333 0.28225806451612906 0
1671643736450 0.27419354838709675 0
1671643737558 0.28225806451612906 0
1671643738679 0.27419354838709675 0
1671643739795 0.27419354838709675 0
1671643740919 0.27419354838709675 0
1671643742042 0.27419354838709675 0
1671643743165 0.2661290322580645 0
1671643744278 0.27419354838709675 0
1671643745394 0.27419354838709675 0
1671643746520 0.27419354838709675 0
1671643747656 0.27419354838709675 0
1671643748782 0.28225806451612906 0
1671643749894 0.2903225806451613 0
1671643750978 0.28225806451612906 0
1671643752069 0.25806451612903225 0
1671643753173 0.25 0
1671643754268 0.25806451612903225 0
1671643755361 0.27419354838709675 0
1671643756454 0.2903225806451613 0
1671643757549 0.27419354838709675 0
1671643758683 0.27419354838709675 0
1671643759784 0.27419354838709675 0
1671643760882 0.25806451612903225 0
1671643762023 0.23387096774193547 0
1671643763170 0.21774193548387097 0
1671643764295 0.21774193548387097 0
1671643765440 0.21774193548387097 0
1671643766581 0.21774193548387097 0
1671643767736 0.21774193548387097 0
1671643768887 0.22580645161290322 0
1671643770019 0.24193548387096775 0
1671643771155 0.2661290322580645 0
1671643772261 0.25806451612903225 0
1671643773362 0.25806451612903225 0
1671643774440 0.2661290322580645 0
1671643775530 0.2661290322580645 0
1671643776619 0.2661290322580645 0
1671643777768 0.2661290322580645 0
1671643778867 0.25806451612903225 0
1671643779964 0.2661290322580645 0
1671643781054 0.2661290322580645 0
1671643782143 0.27419354838709675 0
1671643783255 0.25806451612903225 0
1671643784366 0.24193548387096775 0
1671643785481 0.22580645161290322 0
1671643786605 0.22580645161290322 0
1671643787709 0.22580645161290322 0
1671643788825 0.22580645161290322 0
1671643789949 0.22580645161290322 0
1671643791053 0.25 0
1671643792149 0.24193548387096775 0
1671643793222 0.23387096774193547 0
1671643794314 0.23387096774193547 0
1671643795398 0.22580645161290322 0
1671643796502 0.24193548387096775 0
1671643797603 0.23387096774193547 0
1671643798720 0.23387096774193547 0
1671643799823 0.23387096774193547 0
1671643800938 0.24193548387096775 0
1671643802037 0.24193548387096775 0
1671643803182 0.24193548387096775 0
1671643804311 0.25 0
1671643805422 0.25806451612903225 0
1671643806521 0.25806451612903225 0
1671643807672 0.25806451612903225 0
1671643808766 0.25806451612903225 0
1671643809894 0.25 0
1671643810988 0.23387096774193547 0
1671643812087 0.21774193548387097 0
1671643813182 0.21774193548387097 0
1671643814295 0.20967741935483872 0
1671643815401 0.20967741935483872 0
1671643816521 0.22580645161290322 0
1671643817589 0.22580645161290322 0
1671643818689 0.22580645161290322 0
1671643819774 0.22580645161290322 0
1671643820866 0.22580645161290322 0
1671643821963 0.22580645161290322 0
1671643823045 0.23387096774193547 0
1671643824146 0.24193548387096775 0
1671643825267 0.22580645161290322 0
1671643826383 0.21774193548387097 0
1671643827497 0.22580645161290322 0
1671643828605 0.22580645161290322 0
1671643829728 0.20967741935483872 0
1671643830815 0.20967741935483872 0
1671643831901 0.20967741935483872 0
1671643833001 0.20967741935483872 0
1671643834106 0.20967741935483872 0
1671643835249 0.20967741935483872 0
1671643836336 0.20967741935483872 0
1671643837412 0.21774193548387097 0
1671643838518 0.24193548387096775 0
1671643839617 0.2661290322580645 0
1671643840720 0.27419354838709675 0
1671643841823 0.28225806451612906 0
1671643842921 0.28225806451612906 0
1671643844021 0.29838709677419356 0
1671643845125 0.29838709677419356 0
1671643846206 0.29838709677419356 0
1671643847347 0.29838709677419356 0
1671643848459 0.2903225806451613 0
1671643849550 0.2903225806451613 0
1671643850661 0.28225806451612906 0
1671643851802 0.28225806451612906 0
1671643852939 0.28225806451612906 0
1671643854041 0.29838709677419356 0
1671643855160 0.29838709677419356 0
1671643856281 0.29838709677419356 0
1671643857410 0.2903225806451613 0
1671643858513 0.3064516129032258 0
1671643859626 0.3225806451612903 0
1671643860739 0.3225806451612903 0
1671643861855 0.31451612903225806 0
1671643862965 0.3387096774193548 0
1671643864078 0.3387096774193548 0
1671643865202 0.33064516129032256 0
1671643866311 0.3387096774193548 0
1671643867432 0.3225806451612903 0
1671643868528 0.33064516129032256 0
1671643869644 0.31451612903225806 0
1671643870768 0.3064516129032258 0
1671643871871 0.3064516129032258 0
1671643872991 0.3064516129032258 0
1671643874100 0.2903225806451613 0
1671643875202 0.27419354838709675 0
1671643876309 0.2661290322580645 0
1671643877441 0.28225806451612906 0
1671643878558 0.27419354838709675 0
1671643879690 0.2661290322580645 0
1671643880800 0.2661290322580645 0
1671643881896 0.25806451612903225 0
1671643882986 0.2661290322580645 0
1671643884064 0.27419354838709675 0
1671643885162 0.27419354838709675 0
1671643886245 0.29838709677419356 0
1671643887338 0.29838709677419356 0
1671643888431 0.29838709677419356 0
1671643889536 0.2903225806451613 0
1671643890635 0.29838709677419356 0
1671643891733 0.29838709677419356 0
1671643892841 0.29838709677419356 0
1671643893954 0.2903225806451613 0
1671643895077 0.28225806451612906 0
1671643896174 0.27419354838709675 0
1671643897280 0.2661290322580645 0
1671643898399 0.2661290322580645 0
1671643899509 0.2661290322580645 0
1671643900633 0.2661290322580645 0
1671643901748 0.28225806451612906 0
1671643902864 0.2903225806451613 0
1671643903993 0.2903225806451613 0
1671643905115 0.28225806451612906 0
1671643906231 0.2903225806451613 0
1671643907353 0.2903225806451613 0
1671643908456 0.2903225806451613 0
1671643909574 0.2903225806451613 0
1671643910692 0.3064516129032258 0
1671643911800 0.3064516129032258 0
1671643912905 0.3064516129032258 0
1671643914008 0.31451612903225806 0
1671643915095 0.3225806451612903 0
1671643916194 0.31451612903225806 0
1671643917293 0.3064516129032258 0
1671643918410 0.31451612903225806 0
1671643919528 0.29838709677419356 0
1671643920656 0.28225806451612906 0
1671643921779 0.2903225806451613 0
1671643922895 0.2903225806451613 0
1671643924002 0.28225806451612906 0
1671643925095 0.27419354838709675 0
1671643926201 0.28225806451612906 0
1671643927298 0.28225806451612906 0
1671643928402 0.28225806451612906 0
1671643929507 0.28225806451612906 0
1671643930599 0.28225806451612906 0
1671643931698 0.28225806451612906 0
1671643932793 0.2661290322580645 0
1671643933923 0.27419354838709675 0
1671643935030 0.25 0
1671643936155 0.24193548387096775 0
1671643937255 0.25 0
1671643938353 0.24193548387096775 0
1671643939449 0.24193548387096775 0
1671643940556 0.24193548387096775 0
1671643941646 0.24193548387096775 0
1671643942752 0.23387096774193547 0
1671643943873 0.23387096774193547 0
1671643944992 0.22580645161290322 0
1671643946098 0.22580645161290322 0
1671643947220 0.24193548387096775 0
1671643948326 0.25 0
1671643949475 0.2661290322580645 0
1671643950600 0.27419354838709675 0
1671643951725 0.28225806451612906 0
1671643952835 0.29838709677419356 0
1671643953994 0.29838709677419356 0
1671643955118 0.2903225806451613 0
1671643956246 0.28225806451612906 0
1671643957375 0.27419354838709675 0
1671643958497 0.3064516129032258 0
1671643959636 0.3387096774193548 0
1671643960756 0.31451612903225806 0
1671643961885 0.3225806451612903 0
1671643963112 0.3225806451612903 0
1671643964239 0.3225806451612903 0
1671643965389 0.3225806451612903 0
1671643966520 0.3225806451612903 0
1671643967618 0.31451612903225806 0
1671643968706 0.31451612903225806 0
1671643969843 0.3225806451612903 0
1671643970961 0.3225806451612903 0
1671643972089 0.3225806451612903 0
1671643973214 0.3225806451612903 0
1671643974313 0.3225806451612903 0
1671643975454 0.3225806451612903 0
1671643976549 0.3064516129032258 0
1671643977647 0.3064516129032258 0
1671643978785 0.3064516129032258 0
1671643979897 0.29838709677419356 0
1671643981028 0.29838709677419356 0
1671643982138 0.3225806451612903 0
1671643983237 0.3064516129032258 0
1671643984344 0.29838709677419356 0
1671643985457 0.27419354838709675 0
1671643986551 0.2661290322580645 0
1671643987691 0.2661290322580645 0
1671643988784 0.25806451612903225 0
1671643989924 0.25 0
1671643991064 0.25806451612903225 0
1671643992180 0.25806451612903225 0
1671643993287 0.2661290322580645 0
1671643994424 0.28225806451612906 0
1671643995532 0.27419354838709675 0
1671643996642 0.25 0
1671643997740 0.25806451612903225 0
1671643998850 0.25806451612903225 0
1671643999955 0.25 0
1671644001092 0.25806451612903225 0
1671644002181 0.25 0
1671644003281 0.2661290322580645 0
1671644004377 0.2661290322580645 0
1671644005478 0.27419354838709675 0
1671644006588 0.27419354838709675 0
1671644007708 0.2661290322580645 0
1671644008849 0.2661290322580645 0
1671644009970 0.25806451612903225 0
1671644011085 0.25806451612903225 0
1671644012211 0.25806451612903225 0
1671644013329 0.25806451612903225 0
1671644014449 0.25806451612903225 0
1671644015573 0.25806451612903225 0
1671644016702 0.25806451612903225 0
1671644017809 0.25 0
1671644018942 0.25 0
1671644020041 0.25 0
1671644021144 0.25 0
1671644022272 0.24193548387096775 0
1671644023372 0.24193548387096775 0
1671644024467 0.25 0
1671644025618 0.2661290322580645 0
1671644026708 0.27419354838709675 0
1671644027801 0.2903225806451613 0
1671644028932 0.29838709677419356 0
1671644030091 0.2903225806451613 0
