1671628607226 0.11458333333333333 0
1671628608392 0.11458333333333333 0
1671628609551 0.11458333333333333 0
1671628610732 0.11458333333333333 0
1671628611914 0.11458333333333333 0
1671628613141 0.11458333333333333 0
1671628614310 0.11458333333333333 0
1671628615487 0.11458333333333333 0
1671628616664 0.11458333333333333 0
1671628617889 0.11458333333333333 0
1671628619065 0.11458333333333333 0
1671628620245 0.11458333333333333 0
1671628621428 0.11458333333333333 0
1671628622608 0.11458333333333333 0
1671628623788 0.16666666666666666 0
1671628625005 0.16666666666666666 0
1671628626258 0.16666666666666666 0
1671628627520 0.16666666666666666 0
1671628628778 0.16666666666666666 0
1671628630024 0.16666666666666666 0
1671628631243 0.16666666666666666 0
1671628632510 0.16666666666666666 0
1671628633748 0.16666666666666666 0
1671628635006 0.16666666666666666 0
1671628636262 0.16666666666666666 0
1671628637517 0.16666666666666666 0
1671628638755 0.16666666666666666 0
1671628640007 0.16666666666666666 0
1671628641257 0.17708333333333334 0
1671628642491 0.16666666666666666 0
1671628643734 0.11458333333333333 0
1671628644910 0.13541666666666666 0
1671628646080 0.13541666666666666 0
1671628647250 0.13541666666666666 0
1671628648432 0.13541666666666666 0
1671628649603 0.13541666666666666 0
1671628650793 0.13541666666666666 0
1671628652017 0.13541666666666666 0
1671628653194 0.13541666666666666 0
1671628654452 0.13541666666666666 0
1671628655682 0.13541666666666666 0
1671628656927 0.13541666666666666 0
1671628658171 0.13541666666666666 0
1671628659421 0.13541666666666666 0
1671628660671 0.13541666666666666 0
1671628661876 0.13541666666666666 0
1671628663109 0.13541666666666666 0
1671628664350 0.13541666666666666 0
1671628665609 0.125 0
1671628666871 0.10416666666666667 0
1671628668068 0.14583333333333334 0
1671628669258 0.125 0
1671628670450 0.11458333333333333 0
1671628671666 0.11458333333333333 0
1671628672868 0.11458333333333333 0
1671628674093 0.11458333333333333 0
1671628675299 0.11458333333333333 0
1671628676485 0.13541666666666666 0
1671628677678 0.10416666666666667 0
1671628678845 0.11458333333333333 0
1671628680031 0.11458333333333333 0
1671628681208 0.11458333333333333 0
1671628682393 0.11458333333333333 0
1671628683578 0.11458333333333333 0
1671628684752 0.11458333333333333 0
1671628685990 0.11458333333333333 0
1671628687205 0.11458333333333333 0
1671628688382 0.11458333333333333 0
1671628689577 0.11458333333333333 0
1671628690746 0.11458333333333333 0
1671628691939 0.11458333333333333 0
1671628693117 0.11458333333333333 0
1671628694350 0.11458333333333333 0
1671628695603 0.11458333333333333 0
1671628696853 0.13541666666666666 0
1671628698087 0.125 0
1671628699324 0.13541666666666666 0
1671628700569 0.14583333333333334 0
1671628701802 0.13541666666666666 0
1671628703043 0.13541666666666666 0
1671628704278 0.125 0
1671628705536 0.125 0
1671628706741 0.125 0
1671628707956 0.125 0
1671628709182 0.15625 0
1671628710458 0.19791666666666666 0
1671628711660 0.21875 0
1671628712821 0.21875 0
1671628713983 0.19791666666666666 0
1671628715140 0.20833333333333334 0
1671628716377 0.21875 0
1671628717587 0.1875 0
1671628718821 0.19791666666666666 0
1671628720003 0.17708333333333334 0
1671628721192 0.16666666666666666 0
1671628722373 0.16666666666666666 0
1671628723591 0.16666666666666666 0
1671628724770 0.16666666666666666 0
1671628725948 0.16666666666666666 0
1671628727135 0.16666666666666666 0
1671628728317 0.16666666666666666 0
1671628729501 0.16666666666666666 0
1671628730754 0.16666666666666666 0
1671628731972 0.16666666666666666 0
1671628733177 0.16666666666666666 0
1671628734426 0.16666666666666666 0
1671628735685 0.16666666666666666 0
1671628736905 0.16666666666666666 0
1671628738147 0.16666666666666666 0
1671628739384 0.16666666666666666 0
1671628740628 0.16666666666666666 0
1671628741863 0.16666666666666666 0
1671628743042 0.16666666666666666 0
1671628744240 0.16666666666666666 0
1671628745731 0.16666666666666666 0
1671628746912 0.16666666666666666 0
1671628748104 0.16666666666666666 0
1671628749272 0.16666666666666666 0
1671628750467 0.16666666666666666 0
1671628751628 0.16666666666666666 0
1671628752793 0.16666666666666666 0
1671628754005 0.16666666666666666 0
1671628755194 0.16666666666666666 0
1671628756363 0.16666666666666666 0
1671628757519 0.16666666666666666 0
1671628758734 0.16666666666666666 0
1671628759996 0.16666666666666666 0
1671628761289 0.16666666666666666 0
