1671641905901 0.10483870967741936 0
1671641906966 0.10483870967741936 0
1671641908026 0.11290322580645161 0
1671641909101 0.12096774193548387 0
1671641910205 0.12903225806451613 0
1671641911285 0.12903225806451613 0
1671641912354 0.13709677419354838 0
1671641913420 0.13709677419354838 0
1671641914508 0.12096774193548387 0
1671641915598 0.11290322580645161 0
1671641916661 0.11290322580645161 0
1671641917730 0.12096774193548387 0
1671641918805 0.12096774193548387 0
1671641919875 0.12096774193548387 0
1671641920952 0.13709677419354838 0
1671641922368 0.11290322580645161 0
1671641923450 0.12096774193548387 0
1671641924535 0.11290322580645161 0
1671641925613 0.12096774193548387 0
1671641926689 0.13709677419354838 0
1671641927773 0.1532258064516129 0
1671641928855 0.14516129032258066 0
1671641929954 0.12096774193548387 0
1671641931045 0.12096774193548387 0
1671641932130 0.10483870967741936 0
1671641933188 0.10483870967741936 0
1671641934266 0.0967741935483871 0
1671641935323 0.0967741935483871 0
1671641936387 0.11290322580645161 0
1671641937452 0.11290322580645161 0
1671641938513 0.11290322580645161 0
1671641939571 0.12903225806451613 0
1671641940633 0.12903225806451613 0
1671641941730 0.12903225806451613 0
1671641942796 0.1532258064516129 0
1671641943849 0.1693548387096774 0
1671641944910 0.1532258064516129 0
1671641945958 0.1532258064516129 0
1671641947055 0.1693548387096774 0
1671641948129 0.1693548387096774 0
1671641949216 0.1693548387096774 0
1671641950325 0.1693548387096774 0
1671641951392 0.1693548387096774 0
1671641952464 0.1693548387096774 0
1671641953524 0.1693548387096774 0
1671641954607 0.1693548387096774 0
1671641955673 0.16129032258064516 0
1671641956719 0.1693548387096774 0
1671641957794 0.1774193548387097 0
1671641958882 0.1774193548387097 0
1671641959957 0.1693548387096774 0
1671641961029 0.16129032258064516 0
1671641962100 0.16129032258064516 0
1671641963167 0.16129032258064516 0
1671641964236 0.16129032258064516 0
1671641965309 0.16129032258064516 0
1671641966417 0.16129032258064516 0
1671641967517 0.16129032258064516 0
1671641968595 0.16129032258064516 0
1671641969682 0.1774193548387097 0
1671641970733 0.1774193548387097 0
1671641971812 0.1693548387096774 0
1671641972877 0.1774193548387097 0
1671641973944 0.16129032258064516 0
1671641975030 0.16129032258064516 0
1671641976109 0.1532258064516129 0
1671641977192 0.1532258064516129 0
1671641978302 0.1532258064516129 0
1671641979386 0.1693548387096774 0
1671641980447 0.1693548387096774 0
1671641981533 0.1693548387096774 0
1671641982602 0.1774193548387097 0
1671641983682 0.1693548387096774 0
1671641984743 0.18548387096774194 0
1671641985826 0.1935483870967742 0
1671641986891 0.1935483870967742 0
1671641987970 0.1935483870967742 0
1671641989053 0.1935483870967742 0
1671641990141 0.20161290322580644 0
1671641991206 0.20967741935483872 0
1671641992279 0.21774193548387097 0
1671641993366 0.21774193548387097 0
1671641994433 0.22580645161290322 0
1671641995508 0.21774193548387097 0
1671641996572 0.22580645161290322 0
1671641997640 0.22580645161290322 0
1671641998699 0.21774193548387097 0
1671641999761 0.20967741935483872 0
1671642000815 0.20967741935483872 0
1671642001875 0.20967741935483872 0
1671642002965 0.20161290322580644 0
1671642004041 0.20161290322580644 0
1671642005145 0.20161290322580644 0
1671642006242 0.20161290322580644 0
1671642007345 0.20161290322580644 0
1671642008431 0.1935483870967742 0
1671642009538 0.1935483870967742 0
1671642010625 0.20161290322580644 0
1671642011722 0.20967741935483872 0
1671642012808 0.20161290322580644 0
1671642013889 0.20161290322580644 0
1671642014998 0.24193548387096775 0
1671642016093 0.23387096774193547 0
1671642017166 0.23387096774193547 0
1671642018247 0.22580645161290322 0
1671642019319 0.22580645161290322 0
1671642020405 0.22580645161290322 0
1671642021484 0.23387096774193547 0
1671642022597 0.23387096774193547 0
1671642023661 0.24193548387096775 0
1671642024754 0.25806451612903225 0
1671642025834 0.24193548387096775 0
1671642026928 0.24193548387096775 0
1671642028022 0.24193548387096775 0
1671642029184 0.24193548387096775 0
1671642030267 0.25 0
1671642031358 0.24193548387096775 0
1671642032457 0.24193548387096775 0
1671642033579 0.24193548387096775 0
1671642034669 0.24193548387096775 0
1671642035784 0.23387096774193547 0
1671642036906 0.23387096774193547 0
1671642037985 0.23387096774193547 0
1671642039069 0.22580645161290322 0
1671642040179 0.22580645161290322 0
1671642041258 0.21774193548387097 0
1671642042353 0.21774193548387097 0
1671642043446 0.22580645161290322 0
1671642044522 0.22580645161290322 0
1671642045655 0.22580645161290322 0
1671642046730 0.22580645161290322 0
1671642047817 0.22580645161290322 0
1671642048889 0.22580645161290322 0
1671642049971 0.24193548387096775 0
1671642051050 0.24193548387096775 0
1671642052130 0.25 0
1671642053209 0.24193548387096775 0
1671642054294 0.25806451612903225 0
1671642055562 0.25806451612903225 0
1671642056642 0.2661290322580645 0
1671642057708 0.2661290322580645 0
1671642058784 0.2661290322580645 0
1671642059854 0.27419354838709675 0
1671642060926 0.2661290322580645 0
1671642062013 0.2661290322580645 0
1671642063080 0.25 0
1671642064157 0.25806451612903225 0
1671642065226 0.2661290322580645 0
1671642066309 0.3064516129032258 0
1671642067414 0.31451612903225806 0
1671642068490 0.3064516129032258 0
1671642069571 0.31451612903225806 0
1671642070658 0.3225806451612903 0
1671642071743 0.3064516129032258 0
1671642072838 0.3064516129032258 0
1671642073920 0.29838709677419356 0
1671642075009 0.2661290322580645 0
1671642076089 0.2661290322580645 0
1671642077157 0.2661290322580645 0
1671642078235 0.27419354838709675 0
1671642079311 0.2661290322580645 0
1671642080379 0.27419354838709675 0
1671642081462 0.25806451612903225 0
1671642082565 0.2661290322580645 0
1671642083661 0.2661290322580645 0
1671642084777 0.27419354838709675 0
1671642085918 0.27419354838709675 0
1671642087055 0.2661290322580645 0
1671642088175 0.2661290322580645 0
1671642089369 0.2661290322580645 0
1671642090498 0.2661290322580645 0
1671642091601 0.2661290322580645 0
1671642092686 0.28225806451612906 0
1671642093775 0.28225806451612906 0
1671642095082 0.27419354838709675 0
1671642096262 0.28225806451612906 0
1671642097390 0.27419354838709675 0
1671642098448 0.27419354838709675 0
1671642099540 0.27419354838709675 0
1671642100686 0.27419354838709675 0
1671642101762 0.27419354838709675 0
1671642102838 0.27419354838709675 0
1671642103926 0.28225806451612906 0
1671642105005 0.28225806451612906 0
1671642106087 0.27419354838709675 0
1671642107174 0.27419354838709675 0
1671642108275 0.27419354838709675 0
1671642109363 0.27419354838709675 0
1671642110421 0.27419354838709675 0
1671642111510 0.25806451612903225 0
1671642112583 0.25806451612903225 0
1671642113693 0.25806451612903225 0
1671642114785 0.25 0
1671642115885 0.24193548387096775 0
1671642116976 0.24193548387096775 0
1671642118095 0.25 0
1671642119160 0.25 0
1671642120257 0.24193548387096775 0
1671642121313 0.24193548387096775 0
1671642122410 0.25 0
1671642123472 0.25 0
1671642124550 0.25 0
1671642125615 0.24193548387096775 0
1671642126678 0.24193548387096775 0
1671642127742 0.24193548387096775 0
1671642128801 0.23387096774193547 0
1671642129879 0.23387096774193547 0
1671642130958 0.23387096774193547 0
1671642132023 0.23387096774193547 0
1671642133099 0.24193548387096775 0
1671642134186 0.25 0
1671642135266 0.25806451612903225 0
1671642136359 0.25 0
1671642137456 0.25806451612903225 0
1671642138550 0.2661290322580645 0
1671642139895 0.25806451612903225 0
1671642140949 0.25 0
1671642142007 0.25 0
1671642143072 0.25 0
1671642144133 0.25 0
1671642145197 0.25 0
1671642146257 0.25806451612903225 0
1671642147314 0.25806451612903225 0
1671642148409 0.25806451612903225 0
1671642149488 0.25806451612903225 0
1671642150570 0.2661290322580645 0
1671642151627 0.25806451612903225 0
1671642152692 0.25 0
1671642153757 0.25 0
1671642154827 0.25 0
1671642155888 0.25 0
1671642156952 0.25806451612903225 0
1671642158027 0.25806451612903225 0
1671642159110 0.25806451612903225 0
1671642160183 0.25806451612903225 0
1671642161245 0.2661290322580645 0
1671642162311 0.25806451612903225 0
1671642163388 0.25806451612903225 0
1671642164490 0.25806451612903225 0
1671642165562 0.2661290322580645 0
1671642166659 0.25806451612903225 0
1671642167759 0.25806451612903225 0
1671642168871 0.25806451612903225 0
1671642169946 0.25806451612903225 0
1671642171007 0.25 0
1671642172071 0.25 0
1671642173184 0.25 0
1671642174291 0.25 0
1671642175407 0.27419354838709675 0
1671642176518 0.28225806451612906 0
1671642177606 0.29838709677419356 0
1671642178669 0.31451612903225806 0
1671642179738 0.33064516129032256 0
1671642180795 0.33064516129032256 0
1671642181870 0.31451612903225806 0
1671642182950 0.29838709677419356 0
1671642184030 0.29838709677419356 0
1671642185095 0.27419354838709675 0
1671642186185 0.25806451612903225 0
1671642187267 0.24193548387096775 0
1671642188375 0.23387096774193547 0
1671642189476 0.22580645161290322 0
1671642190558 0.25 0
1671642191669 0.25806451612903225 0
1671642192760 0.25806451612903225 0
1671642193865 0.23387096774193547 0
1671642194938 0.24193548387096775 0
1671642196013 0.25 0
1671642197140 0.25 0
1671642198228 0.25 0
1671642199312 0.2661290322580645 0
1671642200394 0.25806451612903225 0
1671642201486 0.27419354838709675 0
1671642202576 0.2661290322580645 0
1671642203666 0.27419354838709675 0
1671642204768 0.2661290322580645 0
1671642205849 0.25806451612903225 0
1671642206941 0.25 0
1671642208055 0.25806451612903225 0
1671642209151 0.27419354838709675 0
1671642210235 0.2661290322580645 0
1671642211309 0.28225806451612906 0
1671642212412 0.2661290322580645 0
1671642213496 0.27419354838709675 0
1671642214584 0.2661290322580645 0
1671642215665 0.25806451612903225 0
1671642216781 0.25 0
1671642217860 0.25806451612903225 0
1671642218943 0.25806451612903225 0
1671642220034 0.25806451612903225 0
1671642221115 0.25 0
1671642222179 0.25 0
1671642223272 0.25 0
1671642224361 0.25 0
1671642225437 0.25 0
1671642226529 0.24193548387096775 0
1671642227621 0.24193548387096775 0
1671642228699 0.24193548387096775 0
1671642229797 0.23387096774193547 0
1671642230873 0.23387096774193547 0
1671642231963 0.23387096774193547 0
1671642233057 0.23387096774193547 0
1671642234153 0.22580645161290322 0
1671642235250 0.21774193548387097 0
1671642236320 0.21774193548387097 0
1671642237379 0.21774193548387097 0
1671642238455 0.21774193548387097 0
1671642239526 0.22580645161290322 0
1671642240603 0.22580645161290322 0
1671642241662 0.22580645161290322 0
1671642242726 0.21774193548387097 0
1671642243860 0.22580645161290322 0
1671642244961 0.21774193548387097 0
1671642246096 0.22580645161290322 0
1671642247175 0.21774193548387097 0
1671642248264 0.21774193548387097 0
1671642249343 0.22580645161290322 0
1671642250443 0.21774193548387097 0
1671642251537 0.20967741935483872 0
1671642252639 0.20967741935483872 0
1671642253777 0.20967741935483872 0
1671642254899 0.20967741935483872 0
1671642255995 0.20161290322580644 0
1671642257088 0.21774193548387097 0
1671642258199 0.20967741935483872 0
1671642259286 0.20161290322580644 0
1671642260385 0.20967741935483872 0
1671642261470 0.21774193548387097 0
1671642262574 0.21774193548387097 0
1671642263659 0.21774193548387097 0
1671642264758 0.23387096774193547 0
1671642265872 0.23387096774193547 0
1671642266965 0.24193548387096775 0
1671642268043 0.25 0
1671642269124 0.24193548387096775 0
1671642270243 0.24193548387096775 0
1671642271328 0.24193548387096775 0
1671642272413 0.24193548387096775 0
1671642273477 0.23387096774193547 0
1671642274556 0.23387096774193547 0
1671642275613 0.25 0
1671642276678 0.23387096774193547 0
1671642277739 0.24193548387096775 0
1671642278800 0.24193548387096775 0
1671642279867 0.25806451612903225 0
1671642280960 0.28225806451612906 0
1671642282051 0.29838709677419356 0
1671642283128 0.3225806451612903 0
1671642284202 0.33064516129032256 0
1671642285267 0.3225806451612903 0
1671642286373 0.33064516129032256 0
1671642287476 0.31451612903225806 0
1671642288549 0.29838709677419356 0
1671642289642 0.3064516129032258 0
1671642290699 0.29838709677419356 0
1671642291754 0.2903225806451613 0
1671642292811 0.25806451612903225 0
1671642293887 0.23387096774193547 0
1671642294958 0.23387096774193547 0
1671642296063 0.23387096774193547 0
1671642297140 0.24193548387096775 0
1671642298234 0.24193548387096775 0
1671642299323 0.24193548387096775 0
1671642300402 0.2661290322580645 0
1671642301476 0.29838709677419356 0
1671642302555 0.29838709677419356 0
1671642303628 0.31451612903225806 0
1671642304713 0.29838709677419356 0
1671642305810 0.29838709677419356 0
1671642306888 0.27419354838709675 0
1671642307975 0.27419354838709675 0
1671642309041 0.27419354838709675 0
1671642310122 0.27419354838709675 0
1671642311210 0.27419354838709675 0
1671642312294 0.27419354838709675 0
1671642313390 0.28225806451612906 0
1671642314485 0.28225806451612906 0
1671642315564 0.28225806451612906 0
1671642316632 0.27419354838709675 0
1671642317793 0.2661290322580645 0
1671642318940 0.25806451612903225 0
1671642320058 0.2661290322580645 0
1671642321136 0.2661290322580645 0
1671642322218 0.2661290322580645 0
1671642323330 0.2661290322580645 0
1671642324415 0.25806451612903225 0
1671642325501 0.27419354838709675 0
1671642326587 0.27419354838709675 0
1671642327686 0.28225806451612906 0
1671642328757 0.28225806451612906 0
1671642329839 0.27419354838709675 0
1671642330916 0.2903225806451613 0
1671642331992 0.29838709677419356 0
1671642333085 0.29838709677419356 0
1671642334175 0.2903225806451613 0
1671642335270 0.2903225806451613 0
1671642336332 0.2903225806451613 0
1671642337437 0.2903225806451613 0
1671642338547 0.2903225806451613 0
1671642339647 0.28225806451612906 0
1671642340743 0.28225806451612906 0
1671642341808 0.28225806451612906 0
1671642342902 0.28225806451612906 0
1671642343986 0.28225806451612906 0
1671642345098 0.29838709677419356 0
1671642346189 0.29838709677419356 0
1671642347297 0.29838709677419356 0
1671642348377 0.2903225806451613 0
1671642349472 0.28225806451612906 0
1671642350574 0.28225806451612906 0
1671642351656 0.28225806451612906 0
1671642352735 0.28225806451612906 0
1671642353853 0.28225806451612906 0
1671642354966 0.28225806451612906 0
1671642356086 0.28225806451612906 0
1671642357174 0.28225806451612906 0
1671642358250 0.27419354838709675 0
1671642359356 0.28225806451612906 0
1671642360436 0.2903225806451613 0
1671642361522 0.2903225806451613 0
1671642362584 0.2903225806451613 0
1671642363670 0.29838709677419356 0
1671642364748 0.28225806451612906 0
1671642365819 0.2903225806451613 0
1671642366917 0.2903225806451613 0
1671642367994 0.29838709677419356 0
1671642369089 0.3064516129032258 0
1671642370171 0.31451612903225806 0
1671642371270 0.3225806451612903 0
1671642372343 0.3225806451612903 0
1671642373407 0.31451612903225806 0
1671642374491 0.31451612903225806 0
1671642375566 0.29838709677419356 0
1671642376655 0.3064516129032258 0
1671642377745 0.28225806451612906 0
1671642378825 0.2903225806451613 0
1671642379908 0.2903225806451613 0
1671642380987 0.29838709677419356 0
1671642382079 0.27419354838709675 0
1671642383162 0.27419354838709675 0
1671642384241 0.28225806451612906 0
1671642385320 0.28225806451612906 0
1671642386421 0.28225806451612906 0
1671642387534 0.2903225806451613 0
1671642388632 0.28225806451612906 0
1671642389737 0.28225806451612906 0
1671642390839 0.2903225806451613 0
1671642391930 0.2903225806451613 0
1671642393021 0.2903225806451613 0
1671642394108 0.2903225806451613 0
1671642395188 0.29838709677419356 0
1671642396263 0.2903225806451613 0
1671642397343 0.2903225806451613 0
1671642398418 0.2903225806451613 0
1671642399495 0.2903225806451613 0
1671642400578 0.28225806451612906 0
1671642401690 0.2903225806451613 0
1671642402786 0.2903225806451613 0
1671642403867 0.28225806451612906 0
1671642404939 0.28225806451612906 0
1671642406027 0.2661290322580645 0
1671642407105 0.2661290322580645 0
1671642408188 0.2661290322580645 0
1671642409249 0.2661290322580645 0
1671642410314 0.28225806451612906 0
1671642411390 0.2903225806451613 0
1671642412450 0.28225806451612906 0
1671642413539 0.25806451612903225 0
1671642414732 0.27419354838709675 0
1671642415868 0.2661290322580645 0
1671642416943 0.25806451612903225 0
1671642418035 0.25806451612903225 0
1671642419112 0.25806451612903225 0
1671642420199 0.2661290322580645 0
1671642421267 0.2661290322580645 0
1671642422354 0.2661290322580645 0
1671642423468 0.27419354838709675 0
1671642424558 0.27419354838709675 0
1671642425626 0.27419354838709675 0
1671642426718 0.2661290322580645 0
1671642427825 0.2661290322580645 0
1671642428919 0.25806451612903225 0
1671642429996 0.25806451612903225 0
1671642431073 0.2661290322580645 0
1671642432135 0.2661290322580645 0
1671642433205 0.2661290322580645 0
1671642434299 0.2661290322580645 0
1671642435408 0.28225806451612906 0
1671642436554 0.28225806451612906 0
1671642437655 0.28225806451612906 0
1671642438755 0.28225806451612906 0
1671642439901 0.28225806451612906 0
1671642441002 0.2903225806451613 0
1671642442087 0.29838709677419356 0
1671642443186 0.3064516129032258 0
1671642444274 0.29838709677419356 0
