1671629674210 0.14583333333333334 0
1671629675516 0.14583333333333334 0
1671629676766 0.14583333333333334 0
1671629678032 0.14583333333333334 0
1671629679290 0.14583333333333334 0
1671629680577 0.14583333333333334 0
1671629681825 0.14583333333333334 0
1671629683066 0.14583333333333334 0
1671629684309 0.14583333333333334 0
1671629685595 0.14583333333333334 0
1671629686914 0.14583333333333334 0
1671629688236 0.14583333333333334 0
1671629689566 0.14583333333333334 0
1671629690887 0.14583333333333334 0
1671629692131 0.14583333333333334 0
1671629693375 0.14583333333333334 0
1671629694623 0.14583333333333334 0
1671629695909 0.14583333333333334 0
