1671630169702 0.11458333333333333 0
1671630170845 0.13541666666666666 0
1671630171992 0.11458333333333333 0
1671630173150 0.11458333333333333 0
1671630174291 0.15625 0
1671630175439 0.15625 0
1671630176609 0.10416666666666667 0
1671630177799 0.14583333333333334 0
1671630178954 0.14583333333333334 0
1671630180123 0.14583333333333334 0
1671630181266 0.14583333333333334 0
1671630182440 0.13541666666666666 0
1671630183615 0.16666666666666666 0
1671630184810 0.16666666666666666 0
1671630185980 0.16666666666666666 0
1671630187167 0.16666666666666666 0
1671630188303 0.16666666666666666 0
1671630189456 0.14583333333333334 0
1671630190595 0.14583333333333334 0
1671630191748 0.14583333333333334 0
1671630192890 0.14583333333333334 0
1671630194054 0.09375 0
1671630195199 0.13541666666666666 0
1671630196363 0.13541666666666666 0
1671630197517 0.13541666666666666 0
1671630198673 0.13541666666666666 0
1671630199815 0.13541666666666666 0
1671630201011 0.13541666666666666 0
1671630202157 0.13541666666666666 0
1671630203310 0.13541666666666666 0
1671630204452 0.13541666666666666 0
1671630205647 0.13541666666666666 0
1671630206812 0.13541666666666666 0
1671630207982 0.13541666666666666 0
1671630209194 0.13541666666666666 0
1671630210365 0.125 0
1671630211581 0.11458333333333333 0
1671630212765 0.11458333333333333 0
1671630213899 0.11458333333333333 0
1671630215046 0.09375 0
1671630216183 0.11458333333333333 0
1671630217344 0.125 0
1671630218482 0.125 0
1671630219622 0.125 0
1671630220754 0.125 0
1671630221929 0.125 0
1671630223059 0.125 0
1671630224238 0.15625 0
1671630225444 0.11458333333333333 0
1671630226638 0.11458333333333333 0
1671630227815 0.11458333333333333 0
1671630228946 0.11458333333333333 0
1671630230088 0.11458333333333333 0
