1671630093847 0.19791666666666666 0
1671630095002 0.19791666666666666 0
1671630096166 0.19791666666666666 0
1671630097301 0.19791666666666666 0
1671630098484 0.19791666666666666 0
1671630099617 0.19791666666666666 0
1671630100791 0.19791666666666666 0
1671630101972 0.19791666666666666 0
1671630103140 0.19791666666666666 0
1671630104296 0.19791666666666666 0
1671630105450 0.19791666666666666 0
1671630106620 0.19791666666666666 0
1671630107850 0.19791666666666666 0
1671630109076 0.19791666666666666 0
1671630110247 0.19791666666666666 0
1671630111425 0.19791666666666666 0
1671630112597 0.19791666666666666 0
1671630113786 0.19791666666666666 0
1671630114938 0.20833333333333334 0
1671630116131 0.20833333333333334 0
1671630117330 0.1875 0
1671630118506 0.17708333333333334 0
1671630119655 0.17708333333333334 0
1671630120813 0.16666666666666666 0
